7.007000000000000455e+02 5.150567239084700759e+02 1.197225966180040757e+01 -1.229368929791973480e-05 -6.212577368400866273e-07 -5.986263936750361836e+00 2.136131492572924685e-06 2.723892874428081522e-07 -1.274834178248884361e-05 4.665619880405827534e-08 4.202334021906442506e-07 5.184903782982245275e+02 5.985976489390660404e+00 -1.944195078161728333e-06 1.162780030910607419e-07 1.197161972305332078e+01 9.793384962277220322e-07 -1.945055426471867873e-07 -2.150498672562705844e-06 -3.814094062536563920e-07 2.532136866601613384e-08
7.057000000000000455e+02 5.157545333642988226e+02 1.197189710797131923e+01 8.788759971353418766e-06 -4.264958854608235263e-07 -5.986011608047088650e+00 -2.172093456236602461e-05 6.167254979696506161e-07 -7.849530004493679574e-06 -1.618408654488677327e-07 1.652001905890509293e-07 5.184860474079034702e+02 5.985800414247353984e+00 4.097761061624837000e-07 2.359017378858409753e-08 1.197166564626476948e+01 4.535840367142239964e-06 -3.470801619198570252e-08 5.440979435793402126e-07 -2.516464841309304993e-07 -5.165585114602900117e-08
7.107000000000000455e+02 5.164558011302856357e+02 1.197206773485453013e+01 8.445814001237194381e-07 -4.036118410262587164e-07 -5.986131289128991284e+00 2.669512130901732195e-07 6.169307948002189990e-07 5.022771599310160384e-07 -2.584296690277424820e-07 1.531995571973286101e-07 5.184857601271679641e+02 5.985867042198174559e+00 1.001977156064754646e-06 4.171488911663345171e-09 1.197163980149808005e+01 -1.013492472222294822e-06 -1.612770905579386480e-07 1.956736150819303094e-06 -2.475755897202515811e-07 -4.854619555582877322e-08
7.157000000000000455e+02 5.171589429376599583e+02 1.197196318302549045e+01 -7.773038199488873666e-06 -2.913222347269824331e-07 -5.986083321466151297e+00 1.413384947762176444e-05 2.305129983063011297e-07 9.321239640605540060e-07 -1.713759178194724825e-07 1.840977119476788536e-07 5.184855960333425173e+02 5.985844852051133813e+00 3.213160530397645412e-07 8.346827538142181310e-09 1.197168222334148169e+01 4.396909010507757776e-06 -6.574028384090357789e-08 2.345326920704303709e-06 -2.359066250254842955e-07 -8.975050589629550846e-08
7.207000000000000455e+02 5.178567513033198111e+02 1.197183082033971857e+01 2.047472944501699297e-06 -1.331772180120389309e-07 -5.986014404481513118e+00 -1.012345891621590889e-05 2.054121583731757942e-08 -2.833012059711116386e-06 -3.913536618286742884e-08 1.269261194188134714e-07 5.184851904125077908e+02 5.985919013235076136e+00 1.200246479893379523e-06 -4.327602257115063233e-09 1.197174080111726191e+01 6.306179157304937326e-07 -2.381291737267124133e-07 1.678227685110527880e-07 -2.943950593178002096e-07 -1.081778517102988867e-07
7.257000000000000455e+02 5.185438773945011235e+02 1.197171295194841001e+01 6.014712519483836631e-06 -6.657879027088364723e-08 -5.985889126362758716e+00 -7.198584517701291238e-06 3.619888982342975191e-07 3.754317896969220317e-07 -2.267361666689556185e-07 -2.138669464393053344e-08 5.184848383229888213e+02 5.985894747109873570e+00 6.936474054218581195e-07 8.763777113556203158e-09 1.197175087197179089e+01 1.096168397673517623e-06 -8.083080550636177349e-08 2.629861517226586464e-06 -3.632661163424744680e-07 -1.718618724765054978e-07
7.307000000000000455e+02 5.192324892702195029e+02 1.197146315938473826e+01 -1.047069916052164767e-05 -1.995878161374853003e-07 -5.985806032019324263e+00 1.999069320804403366e-05 3.824957095149764865e-07 1.863300982150955013e-06 8.333209938125577292e-08 2.560774238800003529e-08 5.184853375481008015e+02 5.985882540684838382e+00 1.051848487407255614e-06 1.554568074977475609e-09 1.197179833184435616e+01 -1.258906015987069343e-06 -9.335767174403712132e-08 5.339293601933005138e-07 -4.177742912263223490e-07 -2.004580181397948403e-07
7.357000000000000455e+02 5.199182818196602511e+02 1.197167805134916030e+01 -2.654101016281789659e-06 -1.270686574690537170e-07 -5.985802195620063770e+00 -1.411011780751328050e-06 2.055410667092656607e-08 -2.977932634248822186e-06 8.854528878571991375e-08 9.352109226513780019e-08 5.184865274415701606e+02 5.985878044271003340e+00 1.054758673353561776e-07 -3.713881736410460048e-08 1.197177916285962418e+01 2.797420413344621212e-06 -1.845581507770131991e-07 2.714102558347458578e-06 -2.383613757674917193e-07 -1.617669363958217269e-07
7.407000000000000455e+02 5.205975456923081310e+02 1.197129901980593125e+01 4.060746922020079270e-05 -2.775006846592706393e-06 -5.986326132921361065e+00 -7.358670427150515991e-06 7.320502067541852508e-06 8.980591526817815399e-06 9.296417948127658864e-08 9.350420424095724943e-08 5.184846564341196427e+02 5.985983066098575556e+00 3.233938964956697416e-07 -6.836095999182983747e-08 1.197184311130714285e+01 4.678296423257394365e-07 -2.519514285683630994e-07 6.443312921862304917e-07 -2.453654438917942638e-07 -1.810154722133736096e-07
7.457000000000000455e+02 5.212486540635396750e+02 1.197414133409407100e+01 5.885435661560242932e-06 -2.353972620404603951e-06 -5.987427542381763779e+00 7.962724271250380044e-06 2.983086222825257073e-06 1.137297642164511735e-05 -1.380587155142312394e-06 7.608841482978061765e-07 5.184851635885291898e+02 5.986015629819655182e+00 1.658245732480646667e-06 -3.767056042576384295e-08 1.197184977409268392e+01 4.596528261829427557e-07 -3.641783835625418772e-07 1.925699877864029427e-06 -4.026988358461960608e-07 -2.084066439381624130e-07
7.507000000000000455e+02 5.219305710353238510e+02 1.197383767738870652e+01 1.575130678163516396e-06 -1.746107923034804524e-06 -5.987191763161967550e+00 7.437903426290942170e-07 1.909622355490334022e-06 4.972794271282560163e-06 -1.052744946662869228e-06 7.363373686110242326e-07 5.184850398447197222e+02 5.985902818035063078e+00 -5.602557139197967058e-07 -3.925785452212699684e-08 1.197194683792927172e+01 1.182340099589641843e-06 -1.275447898356113140e-07 1.152064990988617049e-07 -2.585514787563182171e-07 -2.420495036962435834e-07
7.557000000000000455e+02 5.225970104858862442e+02 1.197331056712683228e+01 1.966166217650994872e-06 -1.313245557487194465e-06 -5.986949272051626636e+00 1.690156482404444506e-06 1.483895087431351487e-06 1.305357690310539717e-06 -8.524038146379253423e-07 6.253560577102661634e-07 5.184866052188973526e+02 5.985956652149938328e+00 9.376978654351904108e-07 -2.206440014574296717e-08 1.197188218736406462e+01 2.872810947042055028e-06 -2.818532778243782321e-07 1.498413262541553648e-06 -4.543332147061771167e-07 -2.399469734211469577e-07
7.607000000000000455e+02 5.232578743003293766e+02 1.197284386444552595e+01 -9.624794503640083122e-06 -9.862589093559269549e-07 -5.986762093591377898e+00 1.418256337726745741e-05 1.287246081574937709e-06 9.592871819127159589e-07 -6.563493533401234924e-07 4.702776885525800789e-07 5.184846990005826228e+02 5.985956028753492753e+00 -7.887152328406753825e-07 -9.737478277581090989e-09 1.197192644706944797e+01 -1.362967745583453560e-06 -1.893136735533857905e-07 1.393921527924125080e-07 -4.878113349105815349e-07 -2.747805219747728347e-07
7.657000000000000455e+02 5.239160119352877700e+02 1.197251816864519114e+01 -2.577380818787856437e-06 -6.634485759084536297e-07 -5.986555701163199572e+00 -3.064391009349081482e-06 6.405851228185483750e-07 -4.165884587031968183e-06 -3.307477590492130285e-07 4.382008683630641740e-07 5.184868853689663410e+02 5.985897639571762241e+00 -9.173025361123576262e-08 3.620347333401754162e-08 1.197187559788996403e+01 2.857945722366635496e-06 -1.285764073210144955e-07 3.625375728773602169e-07 -3.668416271163782444e-07 -2.922905863707655251e-07
7.707000000000000455e+02 5.245678855171317991e+02 1.197219568359222563e+01 1.304271700116129691e-06 -4.690088955640791071e-07 -5.986378642726361221e+00 -5.989964123395631108e-06 7.062829503045190411e-07 -2.191914316670689136e-06 -3.025259431075636521e-07 3.091935147728432568e-07 5.184861191660710347e+02 5.985890909313752672e+00 -5.007187186927613093e-07 -4.143134814563867354e-08 1.197193226715960535e+01 1.840591121162590604e-06 -1.922738856721293239e-07 -2.663256532269636269e-07 -2.498872137971730125e-07 -2.513474840517752225e-07
7.757000000000000455e+02 5.252109481326700688e+02 1.197190809890324736e+01 -1.448897116759414260e-05 -4.487562664332215228e-07 -5.986132514925834869e+00 1.590466537127637522e-05 7.813104319622723899e-07 7.630879630659278649e-08 -2.003185086860315160e-07 2.259036178167319014e-07 5.184866428527906237e+02 5.985918050165516036e+00 2.028831412154994300e-06 -5.064399338333164025e-09 1.197192437379174024e+01 -1.709480279540692720e-06 -2.488901693151788734e-07 1.073124065523864777e-06 -2.907297651701805174e-07 -2.478931841470136199e-07
7.807000000000000455e+02 5.258574316649950333e+02 1.197185519241911678e+01 -5.310131532180326349e-06 -3.472325439386416050e-07 -5.986147286919162980e+00 2.474807096132959520e-06 5.108777647546557140e-07 -5.585667935432821966e-06 -2.075686079909800039e-07 2.118091684095876404e-07 5.184844976183721883e+02 5.985879275438978020e+00 5.188788823163088560e-07 2.977856791422719658e-08 1.197195248038726589e+01 -2.668148722565394753e-07 -2.362103954856587802e-07 2.510218789492876179e-06 -3.824656815019643896e-07 -2.618917460045418488e-07
7.857000000000000455e+02 5.264922315293296151e+02 1.197193115332414060e+01 -3.434073461197212616e-06 -3.259570551749987004e-07 -5.986100373497189153e+00 -3.631867848496510549e-06 5.736194806113507317e-07 -3.777475774285192437e-06 -2.119233161926274875e-07 1.382080527626307653e-07 5.184854424529537482e+02 5.985887259630307433e+00 3.083403423661122151e-06 2.268151763211304658e-08 1.197186648332167458e+01 -1.655930624165358638e-06 -2.878311057361623584e-07 -2.355938503250271324e-07 -3.785609589665048309e-07 -2.235273621833941242e-07
7.907000000000000455e+02 5.271265543853392046e+02 1.197174342985719342e+01 -4.840985575485180242e-06 -2.988398090306156782e-07 -5.985981210557882015e+00 5.207815459612485919e-06 5.767067693395327462e-07 -1.946703967614566474e-06 -1.352710811419002236e-07 7.462362911797456153e-08 5.184849806060955189e+02 5.985866286778036560e+00 -1.105631313864165915e-06 -3.011359886441542166e-09 1.197186283234204751e+01 -1.467997727799330040e-06 -1.478234905836771329e-07 1.866926994564110129e-06 -2.679391733455681808e-07 -2.341642595422835869e-07
7.957000000000000455e+02 5.277589728965647282e+02 1.197170996978807977e+01 7.354720544821578818e-06 -2.219659897872779263e-07 -5.985949839211945012e+00 -1.820334124269345333e-05 4.016981452996494969e-07 -1.262338496906122452e-06 -1.126362905677508950e-07 7.560106751049548911e-08 5.184864192792911126e+02 5.985920833536177099e+00 -2.033130552047940727e-06 1.433063206605779129e-08 1.197188777647911628e+01 8.887824630416913680e-07 -1.656649917339911746e-07 1.707939515005053683e-06 -3.276867501553208098e-07 -2.326801051693194775e-07
8.007000000000000455e+02 5.283763645131199382e+02 1.197187778745236919e+01 2.189371839339276265e-06 -2.183944528624046780e-07 -5.986062082236426996e+00 4.250113225362552320e-06 4.636708439434949746e-07 7.342313873996324007e-07 -1.590289975554207090e-07 5.729502524178373754e-08 5.184874921750492831e+02 5.985937822258430963e+00 -1.172730434282739471e-06 2.456604051420739389e-09 1.197194959400078496e+01 5.355847651751722882e-06 -1.890632438896469217e-07 1.971865722397453356e-06 -3.283698873196898570e-07 -2.134392856835864898e-07
8.057000000000000455e+02 5.290032631271972150e+02 1.197180218017281916e+01 -2.129415079679478033e-06 -1.071124217323016514e-07 -5.985963529045046805e+00 5.306930182145047159e-06 -3.062681734009240854e-08 -5.650369742856683904e-07 -2.499305238720430839e-07 1.196980082356856935e-07 5.184860071573822324e+02 5.985928685092956059e+00 -5.489262661186857670e-07 -1.083846909445826360e-08 1.197188521278450501e+01 -8.155744796219392736e-07 -2.447427598234472710e-07 3.172144595540655274e-07 -2.971826388004604342e-07 -2.001261220276076301e-07
8.107000000000000455e+02 5.296236654354416942e+02 1.197165652581355921e+01 4.675689336301597346e-06 -7.295810824020335539e-08 -5.985851429618906927e+00 -1.086954848147673033e-05 1.081653114552048424e-07 -2.080349932669569468e-06 -2.157834547143652470e-07 1.250611624830747377e-08 5.184852329309054539e+02 5.985906587646511845e+00 -1.072002388823119775e-06 -2.192469648058691176e-08 1.197190099684182485e+01 9.411719378581996358e-07 -2.491690429977975255e-07 2.359963973849561264e-06 -1.983452416796358055e-07 -1.881107015266254073e-07
8.157000000000000455e+02 5.302339804870741773e+02 1.197168831036512593e+01 6.025243060059288345e-07 -8.601161578001097152e-08 -5.985882530180273164e+00 4.978696220745287905e-06 5.692611186692973992e-08 4.784536137471062765e-07 -1.926183197788530986e-07 4.433955415086449769e-08 5.184861001195866947e+02 5.985916181419845827e+00 -1.514027784285237730e-06 -1.922556769370409252e-08 1.197186657351989503e+01 4.344058247780689406e-06 -2.774308900960513285e-07 2.661290313577509764e-06 -3.304450528390427750e-07 -1.758450229420032584e-07
8.207000000000000455e+02 5.308482453472400948e+02 1.197169500190441305e+01 5.628610589534107815e-07 -6.164512288683923376e-08 -5.985881808161402695e+00 -3.021637521100486117e-06 5.687794403236415964e-08 5.480578387647617400e-07 -1.464092209567875077e-07 3.314673807919860113e-08 5.184870228311335723e+02 5.985961357285353834e+00 -1.999108492891443673e-06 -8.050720526264492236e-09 1.197184919378402057e+01 7.203016512887991306e-07 -1.954244773234771974e-07 1.426538990468527808e-06 -4.551146108132234657e-07 -1.968909951422878976e-07
8.257000000000000455e+02 5.314516596541385525e+02 1.197148473423046333e+01 -5.108642608396683391e-06 -1.698163426631270992e-07 -5.985780658701862045e+00 1.103240342749817848e-05 5.167171613112688940e-07 1.474066402387110033e-06 -2.021504252608833950e-07 -2.463125677055477213e-08 5.184880214641825660e+02 5.985956618559455933e+00 -2.861220611560118046e-07 -3.006298858433550433e-09 1.197183655896320253e+01 4.935298124344567463e-06 -1.865960420753572181e-07 -1.831866099758161127e-06 -4.018505157633988501e-07 -1.917656331069406263e-07
8.307000000000000455e+02 5.320594635625257069e+02 1.197164465147741552e+01 -6.446150259321250256e-06 -1.708524578278370535e-07 -5.985880380681290802e+00 7.372999814420617853e-06 3.005028772882646131e-07 -1.696042286554634440e-07 -7.591385080518114117e-08 1.615660038299308259e-08 5.184872119111787470e+02 5.985957414880004990e+00 -1.179196250670761712e-07 -2.020103984635485360e-08 1.197184379644478014e+01 7.610121606152856429e-07 -2.060071894902532702e-07 -6.039565807252782060e-07 -3.080121138885706011e-07 -1.889907091334801680e-07
8.357000000000000455e+02 5.326662710357159085e+02 1.196849738272111274e+01 -7.175312736874928468e-06 -1.707416966357296369e-07 -5.985631287248903476e+00 -2.917789238417171739e-06 1.993045914195365738e-06 -4.638507058984669572e-06 5.206191804849805220e-07 1.559626731439056402e-08 5.184863801683594602e+02 5.985859522971479052e+00 1.017096436182181498e-06 -2.496402639117983885e-08 1.197187201137872670e+01 -7.184561207514553872e-07 -1.237365434992431528e-07 -1.371764489246268663e-06 -2.812243519989835974e-07 -1.446610761216118672e-07
8.407000000000000455e+02 5.332531404314341898e+02 1.197176837864457788e+01 5.659702484356081118e-07 -4.118720628136538773e-07 -5.986191482594822588e+00 -1.295709923926708716e-06 1.038777725926945312e-06 -5.454150036327615652e-07 -1.495812558319407191e-07 1.981262001763478600e-07 5.184852217623533761e+02 5.985983596015312713e+00 1.390653394313033101e-06 -6.710782987709203844e-08 1.197180947858681677e+01 -5.288504810164312255e-06 -1.109405777814920538e-07 -1.070023347842087347e-06 -2.725110027472475210e-07 -1.376892180119360505e-07
