3.000000000000000000e+02 2.844646514999999917e-02
3.100000000000000000e+02 4.174744224000000170e-02
3.200000000000000000e+02 5.466877022799999930e-02
3.300000000000000000e+02 6.925646576399999144e-02
3.400000000000000000e+02 8.896157912200000628e-02
3.500000000000000000e+02 1.143417633600000011e-01
3.600000000000000000e+02 1.444242804000000213e-01
3.700000000000000000e+02 1.885933137920000058e-01
3.800000000000000000e+02 2.411141644940000273e-01
3.900000000000000000e+02 2.836922577119999622e-01
4.000000000000000000e+02 3.119232319499999906e-01
4.100000000000000000e+02 3.336808987039999730e-01
4.200000000000000000e+02 3.444499731119999852e-01
4.300000000000000000e+02 3.502871412319999989e-01
4.400000000000000000e+02 3.533841698119999930e-01
4.500000000000000000e+02 3.551993613000000161e-01
4.600000000000000000e+02 3.571172211420000075e-01
4.700000000000000000e+02 3.593810284480000172e-01
4.800000000000000000e+02 3.614996067840000604e-01
4.900000000000000000e+02 3.632486538800000497e-01
5.000000000000000000e+02 3.636427444299999978e-01
5.100000000000000000e+02 3.626812474080000070e-01
5.200000000000000000e+02 3.622958011400000400e-01
5.300000000000000000e+02 3.603854940080000180e-01
5.400000000000000000e+02 3.596235792360000239e-01
5.500000000000000000e+02 3.573035475999999933e-01
5.600000000000000000e+02 3.563010432959999862e-01
5.700000000000000000e+02 3.541835709720000391e-01
5.800000000000000000e+02 3.532565908080000372e-01
5.900000000000000000e+02 3.512626924239999893e-01
6.000000000000000000e+02 3.500827472999999967e-01
6.100000000000000000e+02 3.477014019920000032e-01
6.200000000000000000e+02 3.458025038740000223e-01
6.300000000000000000e+02 3.433034100480000239e-01
6.400000000000000000e+02 3.402986067179999963e-01
6.500000000000000000e+02 3.363984313999999753e-01
6.600000000000000000e+02 3.322612492920000160e-01
6.700000000000000000e+02 3.272395255120000290e-01
6.800000000000000000e+02 3.217572890179999923e-01
6.900000000000000000e+02 3.157380723479999984e-01
7.000000000000000000e+02 3.088661028699999922e-01
7.100000000000000000e+02 3.012766007199999541e-01
7.200000000000000000e+02 2.928282160379999666e-01
7.300000000000000000e+02 2.838088893640000054e-01
7.400000000000000000e+02 2.742286090280000033e-01
7.500000000000000000e+02 2.638818622799999902e-01
7.600000000000000000e+02 2.529319726200000007e-01
7.700000000000000000e+02 2.413544264320000021e-01
7.800000000000000000e+02 2.294458225140000029e-01
7.900000000000000000e+02 2.172717191039999773e-01
8.000000000000000000e+02 2.047340847999999935e-01
8.100000000000000000e+02 1.919987162519999624e-01
8.200000000000000000e+02 1.790921237239999908e-01
8.300000000000000000e+02 1.662788252319999938e-01
8.400000000000000000e+02 1.536280015859999848e-01
8.500000000000000000e+02 1.410862932399999936e-01
8.600000000000000000e+02 1.288097676059999919e-01
8.700000000000000000e+02 1.168229408639999967e-01
8.800000000000000000e+02 1.053009842719999922e-01
8.900000000000000000e+02 9.429037811599999541e-02
9.000000000000000000e+02 8.375556980999998569e-02
9.100000000000000000e+02 7.378622563999999440e-02
9.200000000000000000e+02 6.439086245800000607e-02
9.300000000000000000e+02 5.565945844800000708e-02
9.400000000000000000e+02 4.760136819200000424e-02
9.500000000000000000e+02 4.018474207999999520e-02
9.600000000000000000e+02 3.344132965200000140e-02
9.700000000000000000e+02 2.736135454000000050e-02
9.800000000000000000e+02 2.196814273199999834e-02
9.900000000000000000e+02 1.724559844799999908e-02
1.000000000000000000e+03 1.316444605000000045e-02
1.010000000000000000e+03 9.718997287999998902e-03
1.020000000000000000e+03 6.891028199999999632e-03
1.030000000000000000e+03 4.660188063999999748e-03
1.040000000000000000e+03 2.991766019999999790e-03
1.050000000000000000e+03 1.751309699999999961e-03
1.060000000000000000e+03 9.007863539999998777e-04
1.070000000000000000e+03 4.229523280000000297e-04
1.080000000000000000e+03 1.878959880000000257e-04
1.090000000000000000e+03 5.276907200000000616e-05
1.100000000000000000e+03 4.396603000000000264e-06
