6.807800010598598073e-01 2.787658890205855222e-01 3.864814558456585586e-02 1.997628771053235573e-03 -2.717453135235539555e-04 1.040558118541571355e-04 -3.828534527008687098e-05 1.223380147832007018e-05 -1.763496551832447057e-06 -1.756128108906988595e-06 2.166429893435059878e-06 -1.304017566125481907e-06 1.973024378112970181e-06 5.114801749486768685e-07 4.811374826429657204e-07 -2.423574812676254351e-07 9.672026377768542976e-08 4.657358905723555747e-07 1.448081021252572551e-06
2.416003957829889193e-01 4.780290050969891458e-01 2.438547925922462944e-01 3.460938752375147115e-02 2.069253391137420260e-03 -2.381995665588224271e-04 9.706733190805071011e-05 -2.892902403950034065e-05 9.964455565769820935e-07 7.231052369116669907e-06 -7.073874026999985663e-06 4.696018032293132474e-06 -2.568565090142809391e-06 2.552701293313406915e-06 3.626271345982032464e-07 6.507672431503550727e-07 -2.804446454046217132e-07 8.774483555607626256e-08 5.723988748537129224e-07
3.257819644831214806e-02 2.371765032794993788e-01 4.513050337822721580e-01 2.414596229581206233e-01 3.550164545621118523e-02 2.095524707713301241e-03 -1.574356000239174466e-04 3.631212017961098736e-05 1.345909088810111498e-05 -2.238022560943448436e-05 1.695467857609041638e-05 -9.994422187338067461e-06 5.272549787285719667e-06 -2.701057893057776013e-06 2.823183482268940938e-06 4.519923802928746287e-07 7.016255141159595478e-07 -1.301827706838599723e-07 1.396155478241296219e-07
1.666717103890221147e-03 3.331831353489127234e-02 2.389974397473830781e-01 4.463876260993135947e-01 2.406112752607449390e-01 3.706726712116838879e-02 1.980357336612971302e-03 1.993013822351920773e-06 -6.877881485774708513e-05 5.641112403163051927e-05 -3.424350129457684369e-05 1.772795443133194619e-05 -9.016649055739638444e-06 5.053155316917997654e-06 -2.807961274640729147e-06 3.026072441579190546e-06 7.876433754542730783e-07 9.137416069770175421e-07 -6.198254791467057064e-08
-2.255157482680017575e-04 1.981392326528569163e-03 3.495142742502357208e-02 2.393225816467085543e-01 4.435496825948078148e-01 2.400142953159325743e-01 3.874097495855707146e-02 1.541114606811935014e-03 1.973964470620385850e-04 -1.202911378098621995e-04 6.128590569051324836e-05 -2.875255234401463391e-05 1.544471287980716008e-05 -9.509482929123140360e-06 5.737097863662114715e-06 -2.586870052198062514e-06 3.229187679772198669e-06 1.376471846836719914e-06 7.170940105897900590e-07
8.643524910468630912e-05 -2.283008361133508025e-04 2.064994762418960982e-03 3.690353810658330430e-02 2.402408430339021128e-01 4.388462867073895657e-01 2.398163473818049896e-01 4.051789218201339027e-02 1.568572412115346038e-03 2.428125899831236269e-04 -9.424054497150892516e-05 4.778790749301526551e-05 -3.053084180202203111e-05 1.937146816555050067e-05 -1.092794255801265681e-05 5.219572169797805211e-06 -1.490364019795886960e-06 3.245633923562356420e-06 2.143522397361703959e-06
-3.206014415594143739e-05 9.378815321031944879e-05 -1.564002594122884508e-04 1.987601686351557918e-03 3.909206720982047467e-02 2.417614995450707849e-01 4.362946868309620641e-01 2.385388508440915989e-01 4.050295850041524259e-02 1.843212081783120963e-03 1.278208623432157756e-04 -9.936894422458891264e-05 6.667883901341318956e-05 -3.885388514411845784e-05 1.934204101735443213e-05 -8.212734341152085724e-06 2.995120330762905821e-06 -4.907325728930052107e-08 3.443326125573693227e-06
1.042924725473150498e-05 -2.845557111485931404e-05 3.672355910439356125e-05 2.036360845109940906e-06 1.583112068780043527e-03 4.158280995797362239e-02 2.428386192989457348e-01 4.329958859221661460e-01 2.374737773625263948e-01 4.136662918632421498e-02 1.982309055608182363e-03 2.429057998588629737e-04 -1.370706545718496181e-04 7.039811878010916073e-05 -2.996064612511190433e-05 1.111496683929938038e-05 -4.057778258876872267e-06 1.442334205173150719e-06 1.351410858601628965e-06
-1.518590453037889422e-06 9.900602274452442342e-07 1.374938899113977696e-05 -7.098615135967243663e-05 2.048285874569846126e-04 1.626095608305456715e-03 4.165046886943130772e-02 2.398778655891127820e-01 4.298995523948526687e-01 2.399151006819086607e-01 4.449770948054556502e-02 2.164144407409535151e-03 2.979195048831325939e-04 -1.048257302268363011e-04 3.790407407892526699e-05 -1.305522950330391028e-05 5.677490209066987405e-06 -2.689590460294815918e-06 1.069154590611953447e-06
-1.499249567887990272e-06 7.122971947696156280e-06 -2.266646640093834377e-05 5.772120429170645442e-05 -1.237475355994927960e-04 2.495539184321906656e-04 1.879144355090263093e-03 4.142631816191532507e-02 2.378533495041193213e-01 4.267423590507937181e-01 2.427352987763561898e-01 4.656011792776543201e-02 2.496874684028724777e-03 1.695305332417044661e-04 -3.919715658174304575e-05 1.652219395131302669e-05 -1.026843365966987096e-05 4.469097936631434521e-06 -1.003538060399316744e-06
1.830285011419717552e-06 -6.895621169330142653e-06 1.699281256723600002e-05 -3.467409536606121942e-05 6.239070313868986834e-05 -9.584894267221321892e-05 1.289564069282462839e-04 1.964508505747775916e-03 4.365617577049456938e-02 2.402090037197444072e-01 4.234501895136331684e-01 2.413984950666210050e-01 4.620213351960260340e-02 3.000927857606771644e-03 6.876966615156910581e-05 -3.724743440317059809e-05 1.827871482295177682e-05 -3.957951263560695124e-06 -2.849719609603818370e-08
-1.102551070849928106e-06 4.581281928105124582e-06 -1.002477392564606030e-05 1.796498225433944607e-05 -2.929387772373086046e-05 4.864169967649867516e-05 -1.003305161473963585e-04 2.409137696738772739e-04 2.124885142448026433e-03 4.611175028826736133e-02 2.415882168745946412e-01 4.187500446645833763e-01 2.405102365499726946e-01 4.755937250818221412e-02 3.057597744834341779e-03 1.413304405956634458e-04 -1.253114877802314760e-05 -5.738838791330530690e-06 3.485759425606642276e-06
1.667043078629490824e-06 -2.504072716282960257e-06 5.284898897116198228e-06 -9.130875687174347868e-06 1.572459246233596307e-05 -3.105479054212259294e-05 6.727744628336110972e-05 -1.358524025114580288e-04 2.923124133547888494e-04 2.471117404238639629e-03 4.620641971754184396e-02 2.403436560394577870e-01 4.162546111676060367e-01 2.416777584556790703e-01 4.945803039014040614e-02 3.324215504185597941e-03 4.148790036502897702e-05 3.110038519108352143e-05 -1.212121702461080987e-05
4.303713090692685466e-07 2.478314932904350832e-06 -2.696187069202839946e-06 5.096007347597716920e-06 -9.641766224294051762e-06 1.962241684565782057e-05 -3.904056151385982892e-05 6.948387414576424935e-05 -1.024274479486400141e-04 1.670877828282419080e-04 2.988793965331059017e-03 4.732987401549805517e-02 2.406782355373773552e-01 4.110705501658636352e-01 2.435583514326785659e-01 5.034271466606847489e-02 3.895933471831934062e-03 -8.116623696546848617e-06 3.327056439441777592e-05
4.031674142410286441e-07 3.506053340867268588e-07 2.806447735277106382e-06 -2.820072268327932718e-06 5.792868605055684356e-06 -1.102376862077248336e-05 1.935466366928647987e-05 -2.944936072577487865e-05 3.688383524096710739e-05 -3.847273468090014841e-05 6.820858877489881168e-05 3.030269868359973268e-03 4.904996223304771558e-02 2.425519393015214409e-01 4.075821507700587709e-01 2.421555322761841933e-01 5.127279109290566739e-02 4.305650669851284092e-03 -3.304524070508566992e-07
-2.033886731969203907e-07 6.301413895674392423e-07 4.499902137951675844e-07 3.043704914167406330e-06 -2.615954187093896107e-06 5.273278320460915627e-06 -8.230480778276505179e-06 1.094175457470216127e-05 -1.272297849991381559e-05 1.624128213817835215e-05 -3.699922380943110762e-05 1.402783897807345452e-04 3.301757189257631050e-03 5.021025850772663918e-02 2.425205232417112777e-01 4.062670037068097928e-01 2.410696565990626539e-01 5.199039332201967761e-02 4.524320918028534345e-03
8.227923745755224720e-08 -2.752719296693466756e-07 7.080758492830876244e-07 8.030735138815532874e-07 3.310177335179795587e-06 -1.526302435405307324e-06 3.042665136281186833e-06 -4.049203110672051796e-06 5.608711860702942067e-06 -1.023196979690041101e-05 1.840536182405489324e-05 -1.260806381893750229e-05 4.177148075884112030e-05 3.938853352065800097e-03 5.205273021164754516e-02 2.443683757611834206e-01 4.065040764467093282e-01 2.408280352912766098e-01 5.226288792269304095e-02
4.168875866010952378e-07 9.062391301144040430e-08 -1.382402115908367913e-07 9.802922060147305982e-07 1.484676306632403875e-06 3.497471987209351073e-06 -5.245552516303438785e-08 1.514445415095455481e-06 -2.795756620230624794e-06 4.685774565559420421e-06 -4.193490035016248758e-06 -6.075583700128679194e-06 3.294812107647990718e-05 -8.634559016566348117e-06 4.599406729977432128e-03 5.545389130779510706e-02 2.534040277364117411e-01 4.348652240419262904e-01 2.516537219759416577e-01
1.536300889300254924e-06 7.006871949727888007e-07 1.757190423011158785e-07 -7.881442969889276235e-08 9.167368804219925555e-07 2.737706581836846218e-06 4.362432049060111859e-06 1.681819135393455903e-06 1.317218661397629769e-06 -1.247094978695302120e-06 -3.578586070658603245e-08 4.373866839901059512e-06 -1.522002185283858468e-05 4.194972154178725713e-05 -4.183850025451596209e-07 5.719610964702247745e-03 6.517845153481502396e-02 2.982685902954876345e-01 6.307905950983031529e-01
