  0.350000   0.2031091
  0.350466   0.2031066
  0.350932   0.2031039
  0.351400   0.2031007
  0.351867   0.2030971
  0.352336   0.2030932
  0.352805   0.2030888
  0.353274   0.2030841
  0.353745   0.2030790
  0.354216   0.2030736
  0.354687   0.2030676
  0.355159   0.2030614
  0.355632   0.2030545
  0.356105   0.2030472
  0.356580   0.2030377
  0.357054   0.2030312
  0.357530   0.2030238
  0.358005   0.2030148
  0.358482   0.2029996
  0.358959   0.2029880
  0.359437   0.2029852
  0.359916   0.2029731
  0.360395   0.2029590
  0.360874   0.2029547
  0.361355   0.2029431
  0.361836   0.2029332
  0.362317   0.2029198
  0.362800   0.2029108
  0.363283   0.2028989
  0.363766   0.2028867
  0.364251   0.2028726
  0.364735   0.2028604
  0.365221   0.2028464
  0.365707   0.2028317
  0.366194   0.2028179
  0.366681   0.2028008
  0.367170   0.2027881
  0.367658   0.2027725
  0.368148   0.2027565
  0.368638   0.2027398
  0.369129   0.2027220
  0.369620   0.2027047
  0.370112   0.2026885
  0.370605   0.2026713
  0.371098   0.2026487
  0.371592   0.2026293
  0.372087   0.2026156
  0.372582   0.2025897
  0.373078   0.2025786
  0.373575   0.2025525
  0.374072   0.2025339
  0.374570   0.2025145
  0.375068   0.2024969
  0.375568   0.2024409
  0.376068   0.2024503
  0.376568   0.2024036
  0.377070   0.2024145
  0.377572   0.2023847
  0.378074   0.2023698
  0.378577   0.2023461
  0.379081   0.2023081
  0.379586   0.2023006
  0.380091   0.2022757
  0.380597   0.2022499
  0.381104   0.2022056
  0.381611   0.2022071
  0.382119   0.2021689
  0.382628   0.2021573
  0.383137   0.2021315
  0.383647   0.2021125
  0.384158   0.2020837
  0.384669   0.2020646
  0.385181   0.2020391
  0.385694   0.2020131
  0.386208   0.2019863
  0.386722   0.2019599
  0.387236   0.2019319
  0.387752   0.2019044
  0.388268   0.2018738
  0.388785   0.2018444
  0.389303   0.2018154
  0.389821   0.2017746
  0.390340   0.2017553
  0.390859   0.2017184
  0.391380   0.2016850
  0.391901   0.2016625
  0.392422   0.2016308
  0.392945   0.2015941
  0.393468   0.2015729
  0.393992   0.2015242
  0.394516   0.2014975
  0.395041   0.2014546
  0.395567   0.2014383
  0.396094   0.2014122
  0.396621   0.2013538
  0.397149   0.2013340
  0.397678   0.2013033
  0.398207   0.2012758
  0.398737   0.2012506
  0.399268   0.2012039
  0.399799   0.2011737
  0.400332   0.2011425
  0.400864   0.2011128
  0.401398   0.2010798
  0.401932   0.2010522
  0.402467   0.2010117
  0.403003   0.2009852
  0.403540   0.2009498
  0.404077   0.2009135
  0.404615   0.2008801
  0.405153   0.2008481
  0.405693   0.2008057
  0.406233   0.2007584
  0.406773   0.2007263
  0.407315   0.2007003
  0.407857   0.2006723
  0.408400   0.2006400
  0.408944   0.2006034
  0.409488   0.2005667
  0.410033   0.2005265
  0.410579   0.2004874
  0.411126   0.2004546
  0.411673   0.2004179
  0.412221   0.2003770
  0.412770   0.2003340
  0.413319   0.2003006
  0.413869   0.2002257
  0.414420   0.2001811
  0.414972   0.2001745
  0.415524   0.2001210
  0.416077   0.1995926
  0.416631   0.1999039
  0.417186   0.1999838
  0.417741   0.1999285
  0.418297   0.1999497
  0.418854   0.1998810
  0.419412   0.1998332
  0.419970   0.1998093
  0.420529   0.1997774
  0.421089   0.1997508
  0.421650   0.1997173
  0.422211   0.1996784
  0.422773   0.1996368
  0.423336   0.1995381
  0.423899   0.1993769
  0.424463   0.1994791
  0.425029   0.1993504
  0.425594   0.1993180
  0.426161   0.1992799
  0.426728   0.1993550
  0.427296   0.1991642
  0.427865   0.1992480
  0.428435   0.1992181
  0.429005   0.1992055
  0.429576   0.1991353
  0.430148   0.1991337
  0.430720   0.1991027
  0.431294   0.1990685
  0.431868   0.1990365
  0.432443   0.1989929
  0.433018   0.1989522
  0.433595   0.1989097
  0.434172   0.1988683
  0.434750   0.1988285
  0.435329   0.1987919
  0.435908   0.1987035
  0.436489   0.1986917
  0.437070   0.1986583
  0.437651   0.1985935
  0.438234   0.1985955
  0.438817   0.1984803
  0.439402   0.1984909
  0.439986   0.1983982
  0.440572   0.1981596
  0.441159   0.1982112
  0.441746   0.1981468
  0.442334   0.1981390
  0.442923   0.1982130
  0.443512   0.1982305
  0.444103   0.1981985
  0.444694   0.1980656
  0.445286   0.1980738
  0.445879   0.1980667
  0.446472   0.1979450
  0.447067   0.1980368
  0.447662   0.1980020
  0.448258   0.1979605
  0.448854   0.1979107
  0.449452   0.1978864
  0.450050   0.1978345
  0.450649   0.1977993
  0.451249   0.1977499
  0.451850   0.1977004
  0.452451   0.1976531
  0.453054   0.1976094
  0.453657   0.1975819
  0.454261   0.1975229
  0.454865   0.1974965
  0.455471   0.1974570
  0.456077   0.1974006
  0.456684   0.1972562
  0.457292   0.1973156
  0.457901   0.1972638
  0.458510   0.1971871
  0.459121   0.1971403
  0.459732   0.1970845
  0.460344   0.1970841
  0.460957   0.1970778
  0.461570   0.1970668
  0.462185   0.1970409
  0.462800   0.1970071
  0.463416   0.1969641
  0.464033   0.1969262
  0.464651   0.1968824
  0.465269   0.1968376
  0.465889   0.1967918
  0.466509   0.1967378
  0.467130   0.1966984
  0.467752   0.1966311
  0.468374   0.1965786
  0.468998   0.1964777
  0.469622   0.1962018
  0.470247   0.1964108
  0.470873   0.1964067
  0.471500   0.1963813
  0.472128   0.1961973
  0.472756   0.1962461
  0.473386   0.1960094
  0.474016   0.1962442
  0.474647   0.1962279
  0.475279   0.1961862
  0.475911   0.1961563
  0.476545   0.1961084
  0.477179   0.1960378
  0.477814   0.1960280
  0.478450   0.1959744
  0.479087   0.1959150
  0.479725   0.1958547
  0.480364   0.1957745
  0.481003   0.1957193
  0.481643   0.1956450
  0.482285   0.1955599
  0.482927   0.1954945
  0.483569   0.1952204
  0.484213   0.1951561
  0.484858   0.1948054
  0.485503   0.1943027
  0.486149   0.1946585
  0.486797   0.1945540
  0.487445   0.1950536
  0.488093   0.1952849
  0.488743   0.1953456
  0.489394   0.1952375
  0.490045   0.1953272
  0.490698   0.1952697
  0.491351   0.1951599
  0.492005   0.1952179
  0.492660   0.1951985
  0.493316   0.1951695
  0.493972   0.1951107
  0.494630   0.1951081
  0.495288   0.1950718
  0.495948   0.1950284
  0.496608   0.1949948
  0.497269   0.1949405
  0.497931   0.1949128
  0.498594   0.1948657
  0.499257   0.1948235
  0.499922   0.1947414
  0.500588   0.1947036
  0.501254   0.1946294
  0.501921   0.1944584
  0.502589   0.1944867
  0.503258   0.1942373
  0.503928   0.1938983
  0.504599   0.1942564
  0.505271   0.1942924
  0.505943   0.1939053
  0.506617   0.1941695
  0.507291   0.1938200
  0.507967   0.1939061
  0.508643   0.1939082
  0.509320   0.1937306
  0.509998   0.1937217
  0.510677   0.1936282
  0.511357   0.1938921
  0.512037   0.1939667
  0.512719   0.1940012
  0.513401   0.1940254
  0.514085   0.1940427
  0.514769   0.1940274
  0.515455   0.1940039
  0.516141   0.1939587
  0.516828   0.1939288
  0.517516   0.1938424
  0.518205   0.1938503
  0.518894   0.1937993
  0.519585   0.1937408
  0.520277   0.1936859
  0.520969   0.1936285
  0.521663   0.1935756
  0.522357   0.1935274
  0.523053   0.1934996
  0.523749   0.1934527
  0.524446   0.1933924
  0.525144   0.1933528
  0.525843   0.1934491
  0.526543   0.1933568
  0.527244   0.1932431
  0.527946   0.1933052
  0.528649   0.1933011
  0.529353   0.1932817
  0.530057   0.1932329
  0.530763   0.1930919
  0.531470   0.1930595
  0.532177   0.1930753
  0.532885   0.1929975
  0.533595   0.1929238
  0.534305   0.1928611
  0.535016   0.1927580
  0.535729   0.1926286
  0.536442   0.1924350
  0.537156   0.1922159
  0.537871   0.1919185
  0.538587   0.1915954
  0.539304   0.1912341
  0.540022   0.1906183
  0.540741   0.1903659
  0.541460   0.1898000
  0.542181   0.1892198
  0.542903   0.1889836
  0.543626   0.1889395
  0.544349   0.1898138
  0.545074   0.1903554
  0.545800   0.1876117
  0.546526   0.1891617
  0.547254   0.1909755
  0.547982   0.1887821
  0.548712   0.1918076
  0.549442   0.1910535
  0.550173   0.1921928
  0.550906   0.1921928
  0.551639   0.1923295
  0.552373   0.1922495
  0.553109   0.1922444
  0.553845   0.1922036
  0.554582   0.1920948
  0.555321   0.1920709
  0.556060   0.1920436
  0.556800   0.1920308
  0.557541   0.1905802
  0.558283   0.1918025
  0.559027   0.1919582
  0.559771   0.1919556
  0.560516   0.1919411
  0.561262   0.1918452
  0.562009   0.1918586
  0.562757   0.1918552
  0.563506   0.1917912
  0.564257   0.1917308
  0.565008   0.1916968
  0.565760   0.1916171
  0.566513   0.1915049
  0.567267   0.1913997
  0.568022   0.1912028
  0.568778   0.1902510
  0.569536   0.1892144
  0.570294   0.1908260
  0.571053   0.1910249
  0.571813   0.1908477
  0.572574   0.1903387
  0.573336   0.1906949
  0.574100   0.1903162
  0.574864   0.1901940
  0.575629   0.1896960
  0.576395   0.1900538
  0.577163   0.1901003
  0.577931   0.1899890
  0.578700   0.1865555
  0.579471   0.1900629
  0.580242   0.1907920
  0.581014   0.1908671
  0.581788   0.1907950
  0.582562   0.1908254
  0.583338   0.1910466
  0.584114   0.1908792
  0.584892   0.1909878
  0.585671   0.1909746
  0.586450   0.1910000
  0.587231   0.1907619
  0.588013   0.1907171
  0.588795   0.1899102
  0.589579   0.1904750
  0.590364   0.1895880
  0.591150   0.1895095
  0.591937   0.1892635
  0.592725   0.1898398
  0.593514   0.1897617
  0.594304   0.1867924
  0.595095   0.1868371
  0.595887   0.1893968
  0.596680   0.1894317
  0.597475   0.1896399
  0.598270   0.1895607
  0.599066   0.1892834
  0.599864   0.1898090
  0.600662   0.1896935
  0.601462   0.1900293
  0.602263   0.1901537
  0.603064   0.1901374
  0.603867   0.1901934
  0.604671   0.1901922
  0.605476   0.1901820
  0.606282   0.1900364
  0.607089   0.1898979
  0.607897   0.1897119
  0.608706   0.1894776
  0.609517   0.1894304
  0.610328   0.1892892
  0.611140   0.1889540
  0.611954   0.1882872
  0.612769   0.1872135
  0.613584   0.1852530
  0.614401   0.1838967
  0.615219   0.1809905
  0.616038   0.1819340
  0.616858   0.1809322
  0.617679   0.1784438
  0.618501   0.1753019
  0.619325   0.1741600
  0.620149   0.1753156
  0.620975   0.1771901
  0.621801   0.1790281
  0.622629   0.1810826
  0.623458   0.1837975
  0.624288   0.1857908
  0.625119   0.1871212
  0.625951   0.1881535
  0.626784   0.1885799
  0.627619   0.1888594
  0.628454   0.1883555
  0.629291   0.1890372
  0.630128   0.1891885
  0.630967   0.1889955
  0.631807   0.1836127
  0.632648   0.1890761
  0.633490   0.1874204
  0.634334   0.1887032
  0.635178   0.1891677
  0.636024   0.1889170
  0.636870   0.1890474
  0.637718   0.1891731
  0.638567   0.1890413
  0.639417   0.1889173
  0.640268   0.1888780
  0.641121   0.1884131
  0.641974   0.1886528
  0.642829   0.1885471
  0.643684   0.1885848
  0.644541   0.1875279
  0.645399   0.1885378
  0.646258   0.1878436
  0.647119   0.1839117
  0.647980   0.1881514
  0.648843   0.1870030
  0.649706   0.1876709
  0.650571   0.1876226
  0.651437   0.1875234
  0.652304   0.1879345
  0.653173   0.1878164
  0.654042   0.1876005
  0.654913   0.1871130
  0.655785   0.1870489
  0.656658   0.1865044
  0.657532   0.1859007
  0.658407   0.1845247
  0.659283   0.1865590
  0.660161   0.1846238
  0.661040   0.1861486
  0.661920   0.1861212
  0.662801   0.1826680
  0.663683   0.1857168
  0.664567   0.1855092
  0.665451   0.1852062
  0.666337   0.1846490
  0.667224   0.1846446
  0.668113   0.1848752
  0.669002   0.1848864
  0.669892   0.1853647
  0.670784   0.1860356
  0.671677   0.1867406
  0.672571   0.1860264
  0.673467   0.1875396
  0.674363   0.1874688
  0.675261   0.1877664
  0.676160   0.1879026
  0.677060   0.1879532
  0.677961   0.1882270
  0.678864   0.1879294
  0.679767   0.1879371
  0.680672   0.1873779
  0.681578   0.1872517
  0.682486   0.1868001
  0.683394   0.1868961
  0.684304   0.1869464
  0.685215   0.1871557
  0.686127   0.1871123
  0.687040   0.1872473
  0.687955   0.1875437
  0.688871   0.1873895
  0.689788   0.1876856
  0.690706   0.1875681
  0.691625   0.1869980
  0.692546   0.1856081
  0.693468   0.1868085
  0.694391   0.1830022
  0.695315   0.1833940
  0.696241   0.1850727
  0.697168   0.1851964
  0.698096   0.1846927
  0.699025   0.1828941
  0.699956   0.1817866
  0.700887   0.1808740
  0.701820   0.1750810
  0.702755   0.1794926
  0.703690   0.1803882
  0.704627   0.1798075
  0.705565   0.1818175
  0.706504   0.1824507
  0.707445   0.1815413
  0.708386   0.1841784
  0.709329   0.1839366
  0.710274   0.1840019
  0.711219   0.1853997
  0.712166   0.1850054
  0.713114   0.1840321
  0.714063   0.1850891
  0.715014   0.1840823
  0.715965   0.1813416
  0.716919   0.1753590
  0.717873   0.1709554
  0.718829   0.1576971
  0.719785   0.1558061
  0.720744   0.1440000
  0.721703   0.1454388
  0.722664   0.1413845
  0.723626   0.1339817
  0.724589   0.1235006
  0.725554   0.1133628
  0.726519   0.1122200
  0.727487   0.1083995
  0.728455   0.1235324
  0.729425   0.1283438
  0.730396   0.1303213
  0.731368   0.1457265
  0.732342   0.1532171
  0.733316   0.1596413
  0.734293   0.1642068
  0.735270   0.1694837
  0.736249   0.1587363
  0.737229   0.1692847
  0.738210   0.1761396
  0.739193   0.1793839
  0.740177   0.1797567
  0.741162   0.1836240
  0.742149   0.1843151
  0.743137   0.1850596
  0.744126   0.1846741
  0.745117   0.1848969
  0.746109   0.1851414
  0.747102   0.1848229
  0.748096   0.1848548
  0.749092   0.1847553
  0.750089   0.1844320
  0.751088   0.1845685
  0.752088   0.1845405
  0.753089   0.1843444
  0.754091   0.1840789
  0.755095   0.1842358
  0.756100   0.1840691
  0.757107   0.1836993
  0.758115   0.1831773
  0.759124   0.1824628
  0.760134   0.1816902
  0.761146   0.1813062
  0.762159   0.1804273
  0.763174   0.1794115
  0.764190   0.1789441
  0.765207   0.1790329
  0.766226   0.1788270
  0.767246   0.1778623
  0.768267   0.1782224
  0.769290   0.1775803
  0.770314   0.1771466
  0.771339   0.1763391
  0.772366   0.1749018
  0.773394   0.1725627
  0.774424   0.1724604
  0.775455   0.1712046
  0.776487   0.1694212
  0.777521   0.1677496
  0.778556   0.1653084
  0.779592   0.1625687
  0.780630   0.1573702
  0.781669   0.1551709
  0.782710   0.1543655
  0.783752   0.1523687
  0.784795   0.1559303
  0.785840   0.1575813
  0.786886   0.1585521
  0.787933   0.1613283
  0.788982   0.1623446
  0.790032   0.1622038
  0.791084   0.1584813
  0.792137   0.1582350
  0.793191   0.1555407
  0.794247   0.1556191
  0.795305   0.1504548
  0.796363   0.1520222
  0.797423   0.1513748
  0.798485   0.1523989
  0.799548   0.1535061
  0.800612   0.1549414
  0.801678   0.1550705
  0.802745   0.1557313
  0.803814   0.1559456
  0.804884   0.1569275
  0.805955   0.1584887
  0.807028   0.1590818
  0.808102   0.1582270
  0.809178   0.1576210
  0.810255   0.1571105
  0.811334   0.1563034
  0.812414   0.1566837
  0.813495   0.1553366
  0.814578   0.1534116
  0.815663   0.1455743
  0.816748   0.1522510
  0.817836   0.1568756
  0.818924   0.1593124
  0.820015   0.1514642
  0.821106   0.1636329
  0.822199   0.1635326
  0.823294   0.1615239
  0.824390   0.1663551
  0.825487   0.1587279
  0.826586   0.1630627
  0.827686   0.1608179
  0.828788   0.1683220
  0.829891   0.1692259
  0.830996   0.1695600
  0.832102   0.1692325
  0.833210   0.1666601
  0.834319   0.1707172
  0.835430   0.1688411
  0.836542   0.1664010
  0.837655   0.1636859
  0.838770   0.1585200
  0.839887   0.1613401
  0.841005   0.1571855
  0.842125   0.1573073
  0.843246   0.1632023
  0.844368   0.1607624
  0.845492   0.1643774
  0.846618   0.1653027
  0.847745   0.1649370
  0.848873   0.1655734
  0.850003   0.1655162
  0.851135   0.1661404
  0.852268   0.1661577
  0.853402   0.1636356
  0.854538   0.1589265
  0.855676   0.1590089
  0.856815   0.1535540
  0.857955   0.1450266
  0.859097   0.1425014
  0.860241   0.1324019
  0.861386   0.1169562
  0.862533   0.1092538
  0.863681   0.1084113
  0.864831   0.1126825
  0.865982   0.1193415
  0.867135   0.1243860
  0.868289   0.1388219
  0.869445   0.1452239
  0.870602   0.1485279
  0.871761   0.1551656
  0.872922   0.1580317
  0.874084   0.1346855
  0.875247   0.1574422
  0.876412   0.1559809
  0.877579   0.1497973
  0.878747   0.1502188
  0.879917   0.1174585
  0.881088   0.0989725
  0.882261   0.0264993
  0.883436   0.0126388
  0.884612   0.0277369
  0.885789   0.0341279
  0.886968   0.0095251
  0.888149   0.0107118
  0.889331   0.0200462
  0.890515   0.0204264
  0.891701   0.0234919
  0.892888   0.0253640
  0.894076   0.0166321
  0.895267   0.0203322
  0.896458   0.0270487
  0.897652   0.0489489
  0.898847   0.0439612
  0.900043   0.0514511
  0.901241   0.0755977
  0.902441   0.0931670
  0.903642   0.1167784
  0.904845   0.1298211
  0.906050   0.1431789
  0.907256   0.1495937
  0.908464   0.1550382
  0.909673   0.1591039
  0.910884   0.1569937
  0.912096   0.1501613
  0.913311   0.1337001
  0.914526   0.1565928
  0.915744   0.1560278
  0.916963   0.1608099
  0.918183   0.1632850
  0.919406   0.1634029
  0.920630   0.1675103
  0.921855   0.1681198
  0.923082   0.1691139
  0.924311   0.1696884
  0.925541   0.1712532
  0.926773   0.1718971
  0.928007   0.1698886
  0.929243   0.1700640
  0.930480   0.1712084
  0.931718   0.1681045
  0.932958   0.1674610
  0.934200   0.1211515
  0.935444   0.1674772
  0.936689   0.1628876
  0.937936   0.1602839
  0.939185   0.1712192
  0.940435   0.1574980
  0.941687   0.1683989
  0.942940   0.0915035
  0.944196   0.1610487
  0.945452   0.1678407
  0.946711   0.1650538
  0.947971   0.1646228
  0.949233   0.1648960
  0.950497   0.1603617
  0.951762   0.1620766
  0.953029   0.1497959
  0.954298   0.1646201
  0.955568   0.1551289
  0.956840   0.1598107
  0.958114   0.1628766
  0.959389   0.1442126
  0.960666   0.1549479
  0.961945   0.1530820
  0.963226   0.1413556
  0.964508   0.1356122
  0.965792   0.1259074
  0.967078   0.1225519
  0.968365   0.1211457
  0.969654   0.1176136
  0.970945   0.0927437
  0.972237   0.1117659
  0.973531   0.1148755
  0.974827   0.1144573
  0.976125   0.1158882
  0.977424   0.1219477
  0.978726   0.1218457
  0.980028   0.1106936
  0.981333   0.1034506
  0.982639   0.0858580
  0.983947   0.0695863
  0.985257   0.0793003
  0.986569   0.0724812
  0.987882   0.0502586
  0.989197   0.0402850
  0.990514   0.0530707
  0.991833   0.0584661
  0.993153   0.0664551
  0.994475   0.0647966
  0.995799   0.0550674
  0.997124   0.0685399
  0.998452   0.0719035
  0.999781   0.0797312
