       0.300030       0.597440       0.572490       0.172680       0.168950
       0.302170       0.596650       0.571170       0.172720       0.168950
       0.304330       0.595850       0.569820       0.172760       0.168950
       0.306510       0.595030       0.568420       0.172800       0.168940
       0.308690       0.594210       0.567040       0.172840       0.168930
       0.310900       0.593450       0.565740       0.172870       0.168920
       0.313120       0.592730       0.564500       0.172910       0.168900
       0.315360       0.592020       0.563260       0.172930       0.168880
       0.317610       0.591300       0.561990       0.172960       0.168850
       0.319880       0.590550       0.560690       0.172980       0.168810
       0.322160       0.589800       0.559350       0.173000       0.168770
       0.324460       0.589030       0.557980       0.173020       0.168730
       0.326780       0.588240       0.556570       0.173040       0.168670
       0.329120       0.587470       0.555180       0.173060       0.168620
       0.331470       0.586750       0.553870       0.173070       0.168570
       0.333830       0.586050       0.552590       0.173080       0.168510
       0.336220       0.585350       0.551310       0.173090       0.168440
       0.338620       0.584630       0.549990       0.173090       0.168370
       0.341040       0.583900       0.548630       0.173090       0.168280
       0.343480       0.583150       0.547230       0.173090       0.168200
       0.345930       0.582390       0.545800       0.173090       0.168100
       0.348400       0.581620       0.544360       0.173080       0.168000
       0.350890       0.580900       0.542990       0.173070       0.167900
       0.353390       0.580210       0.541670       0.173060       0.167800
       0.355920       0.579520       0.540350       0.173050       0.167690
       0.358460       0.578820       0.538990       0.173030       0.167580
       0.361020       0.578100       0.537600       0.173010       0.167460
       0.363600       0.577360       0.536160       0.172980       0.167320
       0.366200       0.576610       0.534680       0.172960       0.167180
       0.368810       0.575860       0.533200       0.172930       0.167040
       0.371450       0.575150       0.531790       0.172900       0.166890
       0.374100       0.574460       0.530400       0.172860       0.166750
       0.376770       0.573760       0.528990       0.172830       0.166590
       0.379460       0.573040       0.527550       0.172790       0.166430
       0.382180       0.572310       0.526060       0.172740       0.166260
       0.384900       0.571560       0.524520       0.172690       0.166070
       0.387650       0.570800       0.522960       0.172640       0.165880
       0.390420       0.570070       0.521430       0.172590       0.165690
       0.393210       0.569370       0.519970       0.172540       0.165500
       0.396020       0.568670       0.518510       0.172480       0.165310
       0.398850       0.567960       0.517000       0.172420       0.165110
       0.401700       0.567230       0.515450       0.172360       0.164900
       0.404570       0.566490       0.513850       0.172290       0.164670
       0.407460       0.565730       0.512210       0.172220       0.164440
       0.410370       0.564990       0.510610       0.172150       0.164200
       0.413300       0.564280       0.509050       0.172080       0.163970
       0.416250       0.563580       0.507490       0.172000       0.163740
       0.419220       0.562860       0.505890       0.171920       0.163490
       0.422220       0.562120       0.504230       0.171840       0.163230
       0.425230       0.561360       0.502520       0.171760       0.162960
       0.428270       0.560600       0.500790       0.171670       0.162680
       0.431330       0.559860       0.499080       0.171580       0.162410
       0.434410       0.559130       0.497410       0.171490       0.162130
       0.437520       0.558400       0.495700       0.171400       0.161840
       0.440640       0.557650       0.493940       0.171300       0.161540
       0.443790       0.556880       0.492110       0.171200       0.161230
       0.446960       0.556100       0.490240       0.171090       0.160910
       0.450150       0.555340       0.488390       0.170990       0.160580
       0.453370       0.554600       0.486600       0.170890       0.160270
       0.456600       0.553880       0.484810       0.170780       0.159950
       0.459870       0.553140       0.482970       0.170680       0.159620
       0.463150       0.552380       0.481060       0.170570       0.159270
       0.466460       0.551600       0.479110       0.170450       0.158910
       0.469790       0.550840       0.477150       0.170330       0.158550
       0.473150       0.550100       0.475240       0.170220       0.158190
       0.476530       0.549360       0.473310       0.170110       0.157830
       0.479930       0.548610       0.471340       0.169990       0.157460
       0.483360       0.547850       0.469310       0.169870       0.157070
       0.486810       0.547070       0.467220       0.169740       0.156670
       0.490290       0.546310       0.465140       0.169620       0.156270
       0.493790       0.545570       0.463110       0.169490       0.155870
       0.497320       0.544820       0.461050       0.169370       0.155470
       0.500870       0.544070       0.458940       0.169240       0.155050
       0.504450       0.543310       0.456770       0.169110       0.154620
       0.508050       0.542530       0.454550       0.168980       0.154190
       0.511680       0.541780       0.452360       0.168850       0.153750
       0.515330       0.540880       0.449730       0.168680       0.153210
       0.519010       0.539580       0.445820       0.168420       0.152370
       0.522720       0.538350       0.442080       0.168170       0.151570
       0.526460       0.537620       0.439820       0.168040       0.151110
       0.530220       0.536310       0.435710       0.167770       0.150230
       0.534000       0.532650       0.423750       0.166940       0.147530
       0.537820       0.525230       0.397370       0.165170       0.141490
       0.541660       0.519570       0.375350       0.163810       0.136430
       0.545530       0.521730       0.383980       0.164400       0.138490
       0.549420       0.529250       0.412070       0.166280       0.145060
       0.553350       0.532500       0.423270       0.167100       0.147700
       0.557300       0.531820       0.420960       0.166980       0.147210
       0.561280       0.530850       0.417630       0.166780       0.146500
       0.565290       0.529210       0.411910       0.166420       0.145230
       0.569330       0.526410       0.401770       0.165780       0.142930
       0.573400       0.523370       0.390230       0.165070       0.140310
       0.577490       0.522640       0.387390       0.164930       0.139700
       0.581620       0.524670       0.395200       0.165460       0.141560
       0.585770       0.526060       0.400370       0.165830       0.142800
       0.589960       0.524690       0.395210       0.165530       0.141660
       0.594170       0.521920       0.384420       0.164880       0.139200
       0.598410       0.520540       0.378870       0.164580       0.137960
       0.602690       0.520510       0.378710       0.164600       0.137960
       0.606990       0.517180       0.364890       0.163810       0.134790
       0.611330       0.507650       0.322550       0.161400       0.124910
       0.615700       0.498840       0.282340       0.158980       0.115350
       0.620090       0.496570       0.272450       0.158340       0.112980
       0.624520       0.502210       0.297010       0.160010       0.118960
       0.628980       0.512580       0.344480       0.162800       0.130230
       0.633480       0.517910       0.367440       0.164160       0.135640
       0.638000       0.517330       0.364910       0.164050       0.135090
       0.642560       0.515660       0.357600       0.163660       0.133430
       0.647150       0.513900       0.349710       0.163250       0.131630
       0.651770       0.511410       0.338270       0.162650       0.128990
       0.656430       0.508300       0.323530       0.161890       0.125570
       0.661110       0.505480       0.309790       0.161180       0.122370
       0.665840       0.504100       0.302870       0.160840       0.120770
       0.670590       0.505810       0.311010       0.161320       0.122730
       0.675380       0.509550       0.328790       0.162310       0.126950
       0.680210       0.510580       0.333440       0.162600       0.128080
       0.685070       0.509620       0.328700       0.162380       0.127010
       0.689960       0.508990       0.325440       0.162240       0.126280
       0.694890       0.505280       0.307240       0.161300       0.122020
       0.699850       0.500090       0.281480       0.159920       0.115930
       0.704850       0.498790       0.274770       0.159580       0.114370
       0.709880       0.499760       0.279210       0.159880       0.115460
       0.714960       0.493310       0.253060       0.157910       0.108990
       0.720060       0.479750       0.218890       0.153100       0.099620
       0.725210       0.467640       0.203710       0.148460       0.094470
       0.730390       0.469670       0.205340       0.149270       0.095160
       0.735600       0.482990       0.222760       0.154400       0.101030
       0.740860       0.494460       0.251570       0.158500       0.109010
       0.746150       0.499020       0.267410       0.160000       0.113110
       0.751480       0.498850       0.264040       0.160040       0.112420
       0.756850       0.497390       0.255360       0.159670       0.110400
       0.762250       0.495380       0.244530       0.159120       0.107830
       0.767700       0.493480       0.235010       0.158570       0.105540
       0.773180       0.491150       0.225500       0.157830       0.103170
       0.778700       0.487920       0.217250       0.156680       0.100910
       0.784270       0.485460       0.213310       0.155760       0.099680
       0.789870       0.484290       0.211990       0.155310       0.099220
       0.795510       0.483020       0.210480       0.154830       0.098700
       0.801190       0.483740       0.210830       0.155130       0.098910
       0.806910       0.486710       0.212590       0.156340       0.099800
       0.812680       0.489460       0.213700       0.157480       0.100520
       0.818480       0.491250       0.215280       0.158200       0.101170
       0.824330       0.492220       0.217920       0.158560       0.101900
       0.830220       0.491870       0.219600       0.158380       0.102200
       0.836150       0.489220       0.216710       0.157340       0.101140
       0.842120       0.487150       0.213060       0.156570       0.100040
       0.848140       0.486300       0.211450       0.156260       0.099560
       0.854190       0.478280       0.204980       0.153080       0.096860
       0.860300       0.464230       0.195330       0.147570       0.092550
       0.866440       0.461920       0.193860       0.146690       0.091880
       0.872630       0.462270       0.194820       0.146780       0.092130
       0.878860       0.416220       0.171160       0.128850       0.079840
       0.885140       0.347300       0.138240       0.103470       0.062900
       0.891460       0.328750       0.129690       0.096870       0.058580
       0.897830       0.367820       0.147420       0.110870       0.067710
       0.904240       0.431290       0.177670       0.134690       0.083590
       0.910700       0.471850       0.200580       0.150580       0.094930
       0.917210       0.484690       0.213100       0.155620       0.099710
       0.923760       0.490500       0.226750       0.157740       0.103560
       0.930360       0.494820       0.243300       0.159140       0.107790
       0.937000       0.496260       0.249970       0.159580       0.109440
       0.943700       0.494070       0.239210       0.158940       0.106820
       0.950440       0.490220       0.224310       0.157700       0.103030
       0.957220       0.482830       0.209760       0.154970       0.098750
       0.964060       0.469140       0.196760       0.149670       0.093790
       0.970950       0.455930       0.188640       0.144530       0.089970
       0.977880       0.441420       0.181220       0.138850       0.086090
       0.984870       0.414860       0.168480       0.128660       0.079290
       0.991900       0.399400       0.161210       0.122830       0.075420
       0.998990       0.402900       0.162760       0.124140       0.076270
