3.000300000000000189e-01 1.689499999999999891e-01
3.021699999999999942e-01 1.689499999999999891e-01
3.043299999999999894e-01 1.689499999999999891e-01
3.065100000000000047e-01 1.689400000000000068e-01
3.086900000000000199e-01 1.689299999999999968e-01
3.109000000000000097e-01 1.689199999999999868e-01
3.131200000000000094e-01 1.688999999999999946e-01
3.153599999999999737e-01 1.688800000000000023e-01
3.176100000000000034e-01 1.688500000000000001e-01
3.198799999999999977e-01 1.688099999999999878e-01
3.221600000000000019e-01 1.687700000000000033e-01
3.244600000000000262e-01 1.687299999999999911e-01
3.267800000000000149e-01 1.686699999999999866e-01
3.291200000000000236e-01 1.686199999999999921e-01
3.314699999999999869e-01 1.685699999999999976e-01
3.338300000000000156e-01 1.685099999999999931e-01
3.362200000000000188e-01 1.684400000000000064e-01
3.386199999999999766e-01 1.683699999999999919e-01
3.410400000000000098e-01 1.682800000000000129e-01
3.434800000000000075e-01 1.681999999999999884e-01
3.459300000000000153e-01 1.680999999999999994e-01
3.483999999999999875e-01 1.680000000000000104e-01
3.508899999999999797e-01 1.678999999999999937e-01
3.533899999999999819e-01 1.678000000000000047e-01
3.559200000000000141e-01 1.676900000000000057e-01
3.584600000000000009e-01 1.675800000000000067e-01
3.610200000000000076e-01 1.674599999999999977e-01
3.635999999999999788e-01 1.673199999999999965e-01
3.662000000000000255e-01 1.671799999999999953e-01
3.688100000000000267e-01 1.670399999999999940e-01
3.714500000000000024e-01 1.668900000000000106e-01
3.740999999999999881e-01 1.667500000000000093e-01
3.767699999999999938e-01 1.665899999999999881e-01
3.794600000000000195e-01 1.664299999999999946e-01
3.821800000000000197e-01 1.662599999999999911e-01
3.849000000000000199e-01 1.660699999999999954e-01
3.876499999999999946e-01 1.658799999999999997e-01
3.904199999999999893e-01 1.656900000000000039e-01
3.932100000000000040e-01 1.655000000000000082e-01
3.960199999999999831e-01 1.653100000000000125e-01
3.988499999999999823e-01 1.651100000000000068e-01
4.017000000000000015e-01 1.648999999999999910e-01
4.045699999999999852e-01 1.646700000000000108e-01
4.074599999999999889e-01 1.644400000000000028e-01
4.103700000000000125e-01 1.642000000000000126e-01
4.133000000000000007e-01 1.639700000000000046e-01
4.162500000000000089e-01 1.637399999999999967e-01
4.192199999999999815e-01 1.634899999999999964e-01
4.222199999999999842e-01 1.632299999999999862e-01
4.252299999999999969e-01 1.629599999999999937e-01
4.282699999999999840e-01 1.626799999999999913e-01
4.313299999999999912e-01 1.624099999999999988e-01
4.344100000000000183e-01 1.621299999999999963e-01
4.375200000000000200e-01 1.618400000000000116e-01
4.406399999999999761e-01 1.615399999999999892e-01
4.437900000000000178e-01 1.612300000000000122e-01
4.469600000000000239e-01 1.609099999999999975e-01
4.501499999999999946e-01 1.605800000000000005e-01
4.533699999999999952e-01 1.602699999999999958e-01
4.566000000000000059e-01 1.599500000000000088e-01
4.598700000000000010e-01 1.596200000000000119e-01
4.631500000000000061e-01 1.592699999999999949e-01
4.664599999999999858e-01 1.589099999999999957e-01
4.697899999999999854e-01 1.585499999999999965e-01
4.731500000000000150e-01 1.581899999999999973e-01
4.765300000000000091e-01 1.578299999999999981e-01
4.799300000000000233e-01 1.574599999999999889e-01
4.833600000000000119e-01 1.570699999999999874e-01
4.868100000000000205e-01 1.566700000000000037e-01
4.902900000000000036e-01 1.562699999999999922e-01
4.937900000000000067e-01 1.558700000000000085e-01
4.973199999999999843e-01 1.554699999999999971e-01
5.008700000000000374e-01 1.550499999999999934e-01
5.044499999999999540e-01 1.546200000000000074e-01
5.080500000000000016e-01 1.541899999999999937e-01
5.116800000000000237e-01 1.537499999999999978e-01
5.153299999999999548e-01 1.532100000000000128e-01
5.190099999999999714e-01 1.523700000000000054e-01
5.227199999999999624e-01 1.515700000000000103e-01
5.264600000000000390e-01 1.511099999999999943e-01
5.302200000000000246e-01 1.502300000000000024e-01
5.340000000000000302e-01 1.475299999999999945e-01
5.378199999999999648e-01 1.414900000000000047e-01
5.416600000000000303e-01 1.364299999999999957e-01
5.455299999999999594e-01 1.384900000000000020e-01
5.494200000000000195e-01 1.450599999999999945e-01
5.533500000000000085e-01 1.476999999999999980e-01
5.573000000000000176e-01 1.472100000000000075e-01
5.612800000000000011e-01 1.464999999999999913e-01
5.652899999999999592e-01 1.452299999999999980e-01
5.693300000000000027e-01 1.429300000000000015e-01
5.734000000000000208e-01 1.403099999999999903e-01
5.774899999999999478e-01 1.396999999999999909e-01
5.816200000000000259e-01 1.415599999999999914e-01
5.857700000000000129e-01 1.428000000000000103e-01
5.899600000000000399e-01 1.416600000000000081e-01
5.941699999999999759e-01 1.391999999999999904e-01
5.984099999999999975e-01 1.379599999999999993e-01
6.026899999999999480e-01 1.379599999999999993e-01
6.069900000000000295e-01 1.347899999999999932e-01
6.113300000000000400e-01 1.249099999999999933e-01
6.157000000000000250e-01 1.153499999999999942e-01
6.200900000000000301e-01 1.129799999999999971e-01
6.245199999999999640e-01 1.189599999999999963e-01
6.289799999999999836e-01 1.302300000000000124e-01
6.334800000000000431e-01 1.356400000000000106e-01
6.380000000000000115e-01 1.350899999999999879e-01
6.425600000000000200e-01 1.334299999999999931e-01
6.471500000000000030e-01 1.316299999999999970e-01
6.517699999999999605e-01 1.289899999999999936e-01
6.564299999999999580e-01 1.255699999999999872e-01
6.611099999999999755e-01 1.223700000000000065e-01
6.658399999999999874e-01 1.207700000000000023e-01
6.705900000000000194e-01 1.227300000000000058e-01
6.753799999999999804e-01 1.269500000000000073e-01
6.802099999999999813e-01 1.280799999999999994e-01
6.850699999999999568e-01 1.270100000000000118e-01
6.899600000000000177e-01 1.262800000000000034e-01
6.948900000000000077e-01 1.220200000000000035e-01
6.998499999999999721e-01 1.159300000000000053e-01
7.048499999999999766e-01 1.143699999999999994e-01
7.098799999999999555e-01 1.154599999999999932e-01
7.149600000000000399e-01 1.089900000000000035e-01
7.200600000000000334e-01 9.962000000000000022e-02
7.252100000000000213e-01 9.446999999999999842e-02
7.303899999999999837e-01 9.515999999999999459e-02
7.356000000000000316e-01 1.010299999999999948e-01
7.408599999999999630e-01 1.090099999999999958e-01
7.461499999999999799e-01 1.131100000000000022e-01
7.514800000000000368e-01 1.124200000000000060e-01
7.568500000000000227e-01 1.103999999999999981e-01
7.622499999999999831e-01 1.078299999999999953e-01
7.677000000000000490e-01 1.055399999999999949e-01
7.731799999999999784e-01 1.031699999999999978e-01
7.786999999999999478e-01 1.009099999999999997e-01
7.842700000000000227e-01 9.968000000000000471e-02
7.898699999999999610e-01 9.922000000000000264e-02
7.955100000000000504e-01 9.869999999999999607e-02
8.011899999999999578e-01 9.890999999999999792e-02
8.069100000000000161e-01 9.979999999999999982e-02
8.126799999999999580e-01 1.005199999999999982e-01
8.184799999999999853e-01 1.011699999999999960e-01
8.243300000000000072e-01 1.019000000000000045e-01
8.302199999999999580e-01 1.021999999999999992e-01
8.361499999999999488e-01 1.011399999999999938e-01
8.421199999999999797e-01 1.000400000000000039e-01
8.481400000000000050e-01 9.955999999999999572e-02
8.541900000000000048e-01 9.686000000000000165e-02
8.602999999999999536e-01 9.254999999999999338e-02
8.664399999999999880e-01 9.188000000000000334e-02
8.726300000000000168e-01 9.213000000000000356e-02
8.788599999999999746e-01 7.983999999999999431e-02
8.851400000000000379e-01 6.289999999999999758e-02
8.914600000000000302e-01 5.858000000000000013e-02
8.978300000000000169e-01 6.771000000000000629e-02
9.042400000000000437e-01 8.358999999999999764e-02
9.106999999999999540e-01 9.493000000000000049e-02
9.172099999999999698e-01 9.970999999999999308e-02
9.237600000000000255e-01 1.035599999999999993e-01
9.303599999999999648e-01 1.077899999999999969e-01
9.370000000000000551e-01 1.094399999999999956e-01
9.436999999999999833e-01 1.068199999999999983e-01
9.504399999999999515e-01 1.030299999999999966e-01
9.572199999999999598e-01 9.875000000000000444e-02
9.640600000000000280e-01 9.378999999999999837e-02
9.709499999999999797e-01 8.996999999999999442e-02
9.778799999999999715e-01 8.608999999999999986e-02
9.848700000000000232e-01 7.928999999999999937e-02
9.919000000000000039e-01 7.542000000000000093e-02
9.989900000000000446e-01 7.627000000000000446e-02
