0.30003,0.59744,1.4497e-08,0.018063,2.6187e-10
0.30217,0.59665,1.4478e-08,0.018403,2.6644e-10
0.30433,0.59585,1.4459e-08,0.019804,2.8634e-10
0.30651,0.59503,1.4439e-08,0.019691,2.8432e-10
0.30869,0.59421,1.4419e-08,0.019922,2.8726e-10
0.3109,0.59345,1.4401e-08,0.020347,2.9301e-10
0.31312,0.59273,1.4383e-08,0.020798,2.9915e-10
0.31536,0.59202,1.4366e-08,0.021122,3.0344e-10
0.31761,0.5913,1.4348e-08,0.02068,2.9673e-10
0.31988,0.59055,1.433e-08,0.021988,3.1509e-10
0.32216,0.5898,1.4312e-08,0.02193,3.1387e-10
0.32446,0.58903,1.4293e-08,0.023089,3.3002e-10
0.32678,0.58824,1.4274e-08,0.023997,3.4254e-10
0.32912,0.58747,1.4256e-08,0.026085,3.7185e-10
0.33147,0.58675,1.4238e-08,0.025183,3.5856e-10
0.33383,0.58605,1.4221e-08,0.024763,3.5216e-10
0.33622,0.58535,1.4204e-08,0.023495,3.3372e-10
0.33862,0.58463,1.4187e-08,0.025362,3.598e-10
0.34104,0.5839,1.4169e-08,0.025224,3.5739e-10
0.34348,0.58315,1.4151e-08,0.024233,3.4292e-10
0.34593,0.58239,1.4132e-08,0.025353,3.583e-10
0.3484,0.58162,1.4114e-08,0.025264,3.5657e-10
0.35089,0.5809,1.4096e-08,0.026021,3.6679e-10
0.35339,0.58021,1.4079e-08,0.028219,3.973e-10
0.35592,0.57952,1.4063e-08,0.025032,3.5201e-10
0.35846,0.57882,1.4046e-08,0.025678,3.6066e-10
0.36102,0.5781,1.4028e-08,0.025458,3.5712e-10
0.3636,0.57736,1.401e-08,0.027046,3.7892e-10
0.3662,0.57661,1.3992e-08,0.029174,4.082e-10
0.36881,0.57586,1.3974e-08,0.028967,4.0478e-10
0.37145,0.57515,1.3957e-08,0.026729,3.7305e-10
0.3741,0.57446,1.394e-08,0.025887,3.6086e-10
0.37677,0.57376,1.3923e-08,0.031091,4.3287e-10
0.37946,0.57304,1.3905e-08,0.030644,4.2612e-10
0.38218,0.57231,1.3888e-08,0.024054,3.3405e-10
0.3849,0.57156,1.3869e-08,0.031484,4.3667e-10
0.38765,0.5708,1.3851e-08,0.028951,4.0101e-10
0.39042,0.57007,1.3833e-08,0.031668,4.3807e-10
0.39321,0.56937,1.3816e-08,0.026806,3.7035e-10
0.39602,0.56867,1.3799e-08,0.026091,3.6004e-10
0.39885,0.56796,1.3782e-08,0.039891,5.4978e-10
0.4017,0.56723,1.3764e-08,0.041602,5.7263e-10
0.40457,0.56649,1.3746e-08,0.041172,5.6597e-10
0.40746,0.56573,1.3728e-08,0.04339,5.9565e-10
0.41037,0.56499,1.371e-08,0.041269,5.658e-10
0.4133,0.56428,1.3693e-08,0.042851,5.8675e-10
0.41625,0.56358,1.3676e-08,0.042188,5.7695e-10
0.41922,0.56286,1.3658e-08,0.0419,5.7229e-10
0.42222,0.56212,1.364e-08,0.041136,5.6111e-10
0.42523,0.56136,1.3622e-08,0.040296,5.4892e-10
0.42827,0.5606,1.3604e-08,0.036162,4.9193e-10
0.43133,0.55986,1.3586e-08,0.039523,5.3694e-10
0.43441,0.55913,1.3568e-08,0.039362,5.3405e-10
0.43752,0.5584,1.355e-08,0.039275,5.3218e-10
0.44064,0.55765,1.3532e-08,0.041757,5.6506e-10
0.44379,0.55688,1.3513e-08,0.042069,5.6849e-10
0.44696,0.5561,1.3494e-08,0.043095,5.8154e-10
0.45015,0.55534,1.3476e-08,0.044534,6.0014e-10
0.45337,0.5546,1.3458e-08,0.042439,5.7114e-10
0.4566,0.55388,1.344e-08,0.043632,5.8643e-10
0.45987,0.55314,1.3422e-08,0.043722,5.8686e-10
0.46315,0.55238,1.3404e-08,0.043524,5.834e-10
0.46646,0.5516,1.3385e-08,0.042806,5.7296e-10
0.46979,0.55084,1.3367e-08,0.042752,5.7145e-10
0.47315,0.5501,1.3349e-08,0.043693,5.8324e-10
0.47653,0.54936,1.3331e-08,0.043861,5.847e-10
0.47993,0.54861,1.3313e-08,0.044512,5.9257e-10
0.48336,0.54785,1.3294e-08,0.043161,5.7379e-10
0.48681,0.54707,1.3275e-08,0.039942,5.3023e-10
0.49029,0.54631,1.3257e-08,0.040958,5.4297e-10
0.49379,0.54557,1.3239e-08,0.041407,5.4818e-10
0.49732,0.54482,1.3221e-08,0.040452,5.348e-10
0.50087,0.54407,1.3202e-08,0.039854,5.2616e-10
0.50445,0.54331,1.3184e-08,0.039735,5.2386e-10
0.50805,0.54253,1.3165e-08,0.039378,5.1841e-10
0.51168,0.54178,1.3147e-08,0.037834,4.9739e-10
0.51533,0.54088,1.3125e-08,0.036186,4.7494e-10
0.51901,0.53958,1.3093e-08,0.037165,4.8662e-10
0.52272,0.53835,1.3064e-08,0.037576,4.9087e-10
0.52646,0.53762,1.3046e-08,0.03654,4.767e-10
0.53022,0.53631,1.3014e-08,0.037815,4.9212e-10
0.534,0.53265,1.2925e-08,0.03772,4.8754e-10
0.53782,0.52523,1.2745e-08,0.037451,4.7732e-10
0.54166,0.51957,1.2608e-08,0.037583,4.7384e-10
0.54553,0.52173,1.266e-08,0.037738,4.7777e-10
0.54942,0.52925,1.2843e-08,0.037242,4.7829e-10
0.55335,0.5325,1.2922e-08,0.037042,4.7864e-10
0.5573,0.53182,1.2905e-08,0.036541,4.7157e-10
0.56128,0.53085,1.2882e-08,0.03618,4.6605e-10
0.56529,0.52921,1.2842e-08,0.035325,4.5364e-10
0.56933,0.52641,1.2774e-08,0.035237,4.5011e-10
0.5734,0.52337,1.27e-08,0.035094,4.457e-10
0.57749,0.52264,1.2682e-08,0.035145,4.4572e-10
0.58162,0.52467,1.2732e-08,0.03497,4.4523e-10
0.58577,0.52606,1.2765e-08,0.033893,4.3266e-10
0.58996,0.52469,1.2732e-08,0.033702,4.2909e-10
0.59417,0.52192,1.2665e-08,0.033652,4.2619e-10
0.59841,0.52054,1.2631e-08,0.033389,4.2175e-10
0.60269,0.52051,1.2631e-08,0.033311,4.2074e-10
0.60699,0.51718,1.255e-08,0.033519,4.2066e-10
0.61133,0.50765,1.2319e-08,0.032885,4.051e-10
0.6157,0.49884,1.2105e-08,0.031928,3.8648e-10
0.62009,0.49657,1.205e-08,0.032176,3.8772e-10
0.62452,0.50221,1.2187e-08,0.031474,3.8357e-10
0.62898,0.51258,1.2438e-08,0.031541,3.9231e-10
0.63348,0.51791,1.2568e-08,0.031738,3.9887e-10
0.638,0.51733,1.2554e-08,0.03151,3.9556e-10
0.64256,0.51566,1.2513e-08,0.03122,3.9065e-10
0.64715,0.5139,1.247e-08,0.030704,3.8289e-10
0.65177,0.51141,1.241e-08,0.029628,3.6768e-10
0.65643,0.5083,1.2334e-08,0.028043,3.459e-10
0.66111,0.50548,1.2266e-08,0.029339,3.5987e-10
0.66584,0.5041,1.2232e-08,0.029318,3.5863e-10
0.67059,0.50581,1.2274e-08,0.029389,3.6072e-10
0.67538,0.50955,1.2365e-08,0.029131,3.602e-10
0.68021,0.51058,1.239e-08,0.029547,3.6608e-10
0.68507,0.50962,1.2366e-08,0.029086,3.5969e-10
0.68996,0.50899,1.2351e-08,0.029171,3.603e-10
0.69489,0.50528,1.2261e-08,0.028083,3.4433e-10
0.69985,0.50009,1.2135e-08,0.027425,3.3281e-10
0.70485,0.49879,1.2104e-08,0.027238,3.2967e-10
0.70988,0.49976,1.2127e-08,0.026761,3.2453e-10
0.71496,0.49331,1.1971e-08,0.02464,2.9496e-10
0.72006,0.47975,1.1642e-08,0.02554,2.9732e-10
0.72521,0.46764,1.1348e-08,0.024707,2.8037e-10
0.73039,0.46967,1.1397e-08,0.025521,2.9086e-10
0.7356,0.48299,1.172e-08,0.024986,2.9284e-10
0.74086,0.49446,1.1999e-08,0.024414,2.9294e-10
0.74615,0.49902,1.2109e-08,0.023966,2.9021e-10
0.75148,0.49885,1.2105e-08,0.024112,2.9187e-10
0.75685,0.49739,1.207e-08,0.019245,2.3229e-10
0.76225,0.49538,1.2021e-08,0.021842,2.6257e-10
0.7677,0.49348,1.1975e-08,0.023444,2.8074e-10
0.77318,0.49115,1.1918e-08,0.022406,2.6704e-10
0.7787,0.48792,1.184e-08,0.021834,2.5851e-10
0.78427,0.48546,1.178e-08,0.021615,2.5463e-10
0.78987,0.48429,1.1752e-08,0.02132,2.5055e-10
0.79551,0.48302,1.1721e-08,0.02113,2.4767e-10
0.80119,0.48374,1.1738e-08,0.021055,2.4715e-10
0.80691,0.48671,1.181e-08,0.021112,2.4934e-10
0.81268,0.48946,1.1877e-08,0.021149,2.5119e-10
0.81848,0.49125,1.1921e-08,0.020848,2.4853e-10
0.82433,0.49222,1.1944e-08,0.020981,2.506e-10
0.83022,0.49187,1.1936e-08,0.020164,2.4067e-10
0.83615,0.48922,1.1871e-08,0.019419,2.3052e-10
0.84212,0.48715,1.1821e-08,0.019026,2.249e-10
0.84814,0.4863,1.1801e-08,0.018759,2.2137e-10
0.85419,0.47828,1.1606e-08,0.01814,2.1053e-10
0.8603,0.46423,1.1265e-08,0.017905,2.017e-10
0.86644,0.46192,1.1209e-08,0.017697,1.9837e-10
0.87263,0.46227,1.1217e-08,0.017479,1.9607e-10
0.87886,0.41622,1.01e-08,0.017392,1.7565e-10
0.88514,0.3473,8.4276e-09,0.017102,1.4413e-10
0.89146,0.32875,7.9774e-09,0.017202,1.3722e-10
0.89783,0.36782,8.9255e-09,0.015087,1.3466e-10
0.90424,0.43129,1.0466e-08,0.016881,1.7667e-10
0.9107,0.47185,1.145e-08,0.016625,1.9035e-10
0.91721,0.48469,1.1761e-08,0.016513,1.9422e-10
0.92376,0.4905,1.1902e-08,0.01716,2.0425e-10
0.93036,0.49482,1.2007e-08,0.013378,1.6063e-10
0.937,0.49626,1.2042e-08,0.01621,1.952e-10
0.9437,0.49407,1.1989e-08,0.015206,1.8231e-10
0.95044,0.49022,1.1896e-08,0.014609,1.7379e-10
0.95722,0.48283,1.1716e-08,0.014894,1.745e-10
0.96406,0.46914,1.1384e-08,0.014066,1.6013e-10
0.97095,0.45593,1.1064e-08,0.014816,1.6391e-10
0.97788,0.44142,1.0711e-08,0.014195,1.5205e-10
0.98487,0.41486,1.0067e-08,0.01366,1.3752e-10
0.9919,0.3994,9.6918e-09,0.013428,1.3014e-10
0.99899,0.4029,9.7768e-09,0.01363,1.3326e-10
