6.006000000000000227e+02 5.150497324240450325e+02 1.197254798234512663e+01 -1.375515320887932239e-05 -8.065564142757274413e-07 -5.986290092647528205e+00 7.120592701283139981e-06 2.805511963542839230e-07 -4.782416508077047285e-06 9.400852265815364417e-08 4.390304693053505485e-07 5.187639300672216223e+02 5.985694301745030366e+00 8.151443067970357611e-06 -5.255307692784650644e-08 1.197155673798573616e+01 3.036819692071027259e-05 3.631870979967062261e-08 3.418246490029689462e-05 4.931549314729494080e-07 1.459179717409077368e-07
6.056000000000000227e+02 5.158777076411627149e+02 1.197221918785153960e+01 2.352663021055057934e-06 -4.300102044049959619e-07 -5.986146698832071067e+00 -1.321370844080311887e-05 1.639998186030693674e-07 -6.080511786583569104e-06 -2.269617156727981537e-07 2.549549127084967588e-07 5.187729400138239271e+02 5.985719802866095840e+00 6.943459380829069205e-06 -1.040530218166980823e-08 1.197146362994386770e+01 2.255760862182670803e-05 1.092919873013374000e-07 2.448431233433199329e-05 2.788381961725884635e-07 1.384166767722268658e-07
6.106000000000000227e+02 5.166937874850176513e+02 1.197200502791917032e+01 1.153393514153833529e-05 -2.968636958679139333e-07 -5.986063598606262914e+00 -1.934688377944940088e-05 3.039451621083939509e-07 -2.591241690585847900e-06 -1.813598744924963456e-07 1.402305785296818739e-07 5.187762568123513347e+02 5.985714786919420938e+00 5.674302442598080858e-06 1.891610104193912698e-09 1.197141343845991024e+01 2.027211112842170973e-05 1.426181199507544562e-07 2.117323095907663378e-05 2.579599199901889127e-07 1.556190354819257547e-07
6.156000000000000227e+02 5.175032408383141274e+02 1.197195720030363830e+01 8.174674553716862799e-06 -3.149461296156005022e-07 -5.986036414417559293e+00 -6.909225727810515346e-06 5.303616927205136368e-07 9.583560811508331007e-07 -1.976719628796711046e-07 8.638854607178910059e-08 5.187770046661108836e+02 5.985707265560721524e+00 5.282883950394146741e-06 4.383492991139615425e-09 1.197139580623690414e+01 1.983672067553255406e-05 1.480877493886376802e-07 2.031899047083779450e-05 2.632329509413388057e-07 1.662186430047238660e-07
6.206000000000000227e+02 5.183075991447198021e+02 1.197191427080706028e+01 -1.301803059623753530e-06 -3.112213163017237894e-07 -5.986028384141819814e+00 1.187802273988860621e-05 5.021984633050809058e-07 4.484148829765317107e-06 -1.879425477028699798e-07 9.582851720784999924e-08 5.187775289942184145e+02 5.985703685096253501e+00 5.069703423428681002e-06 6.682208322818576359e-09 1.197138515553278104e+01 1.940613729196142333e-05 1.452906966723161324e-07 1.961182412174110443e-05 2.659482451735946468e-07 1.768887159474391096e-07
6.256000000000000227e+02 5.191129703961097448e+02 1.197186952417348849e+01 -6.712492528712666947e-06 -2.555529666820166829e-07 -5.986002163612741178e+00 1.491623822637373463e-05 2.311829302150160550e-07 4.117413741642407085e-06 -1.634593274324911614e-07 1.385484245453172774e-07 5.187779536287697510e+02 5.985702832822444641e+00 4.915949804200513505e-06 1.016102802659386145e-08 1.197137207874172837e+01 1.861863728914811639e-05 1.497922730081792213e-07 1.916475113077927735e-05 2.774414426579100955e-07 1.820853275534979152e-07
6.306000000000000227e+02 5.199173037850466699e+02 1.197183948977826162e+01 -2.046516763697936244e-06 -1.658878619666443573e-07 -5.985973473703372072e+00 -1.287735485781574501e-06 -9.432524482808564503e-09 -2.318647498609592092e-07 -1.047671016878916396e-07 1.492193230338425807e-07 5.187782214553055837e+02 5.985694346993193804e+00 4.865932751976367444e-06 1.201656613874259713e-08 1.197136677066443156e+01 1.840787470902837224e-05 1.510405919175438420e-07 1.870053442221544587e-05 2.775709548547922816e-07 1.880125645351781643e-07
6.356000000000000227e+02 5.207058391170547793e+02 1.197178685028683454e+01 1.069572988056293004e-04 -1.343003230399245339e-06 -5.985874369457034661e+00 -2.063543209815346967e-05 -8.940509849406001354e-07 -3.347547140499428873e-06 -1.018950079444033938e-07 1.748717357049401767e-07 5.187789508338468067e+02 5.985687351682442703e+00 3.492069967985924322e-06 4.609342209850532278e-08 1.197136765748184573e+01 1.666151692191815780e-05 2.078914004853936204e-07 1.774340178265811763e-05 2.686247573951168124e-07 1.739317009444710074e-07
6.406000000000000227e+02 5.214766298020375643e+02 1.197214500102620605e+01 5.636417101272277081e-06 -4.751887060629971488e-07 -5.985803814485011642e+00 9.295899209201849859e-06 7.433842829220867353e-07 9.336607989237765293e-06 -6.559333219837260665e-07 -1.754003631928936903e-07 5.187793834768275474e+02 5.985671258655616889e+00 4.209839941260218534e-06 2.465314374864290875e-08 1.197133738260674285e+01 1.752790816848629889e-05 1.497369912602879637e-07 1.737603274463435688e-05 3.236179480180581632e-07 2.126131441657172769e-07
6.456000000000000227e+02 5.222584014209178349e+02 1.197213541985649599e+01 -9.029617810785968578e-06 -4.339434790088147548e-07 -5.985851767762157216e+00 1.970147761630668636e-05 4.287382010662972674e-07 5.697282892052093216e-06 -5.042468765680796684e-07 -4.664626929099270565e-08 5.187792900633328372e+02 5.985667182368163530e+00 4.268809826960142727e-06 2.660906558445358175e-08 1.197133647425717484e+01 1.733795403362045531e-05 1.548750735259050112e-07 1.727167342376719416e-05 3.158402542102529231e-07 2.114551506664341919e-07
6.506000000000000227e+02 5.230382372306620482e+02 1.197201654644748814e+01 -8.020493034955162258e-06 -2.383498716686912409e-07 -5.985842928271976504e+00 8.683146250391642396e-06 -7.062913692879275652e-08 -4.217206394679977030e-07 -3.288418954412182086e-07 3.877090945861264620e-08 5.187792855046128579e+02 5.985666660210071655e+00 4.345976935620624702e-06 2.865563651021446650e-08 1.197133650103898894e+01 1.708299461982080693e-05 1.570665440547165017e-07 1.715785484117256481e-05 3.123043977402967103e-07 2.086445011186353449e-07
6.556000000000000227e+02 5.238032410538555723e+02 1.197177120531005912e+01 8.137727975201243565e-06 -7.698100655881515214e-08 -5.985787449513583880e+00 -1.727687182830081147e-05 -1.250240013259539734e-07 -3.818379906272422207e-06 -1.473001234226163936e-07 6.191603529346558552e-09 5.187793190197229478e+02 5.985669281898082339e+00 4.374970600461031257e-06 2.548914774203881418e-08 1.197133876917810547e+01 1.678290108692827843e-05 1.540691254930260403e-07 1.688509596948590343e-05 3.042241175725570683e-07 2.083319073008167855e-07
6.606000000000000227e+02 5.245595566503241116e+02 1.197175208872524976e+01 9.659733430976714919e-06 -1.232022631873447039e-07 -5.985817921602554215e+00 -1.239917922620847560e-05 2.179155438601108586e-07 4.915661302111274001e-08 -1.247159763812704495e-07 -4.642624325695927289e-08 5.187793563361389033e+02 5.985670572860914973e+00 4.098982564263413606e-06 2.489657511432946456e-08 1.197133886151887872e+01 1.674568084564639149e-05 1.609476490467708468e-07 1.673272577200541657e-05 3.107167967674495333e-07 2.064558933493132788e-07
6.656000000000000227e+02 5.253103480911998986e+02 1.197174591433114443e+01 -5.439729243527904046e-06 -1.772652594784041616e-07 -5.985826833472375874e+00 1.398602485397527697e-05 3.035786968776138051e-07 4.137207440130035497e-06 -1.674946910525128625e-07 -2.231470221585826268e-08 5.187794410236418798e+02 5.985672094621205197e+00 4.064379633365487644e-06 2.422865612818372695e-08 1.197133879749207708e+01 1.654795022018954316e-05 1.500455528046647912e-07 1.646492007254026776e-05 3.062309543042618344e-07 2.076387901880432498e-07
6.706000000000000227e+02 5.260644711193049261e+02 1.197170323420992410e+01 -8.128043045912695911e-06 -7.193697400322399520e-08 -5.985811301044112298e+00 1.097674254466757338e-05 -1.082242823642725482e-07 6.323976882751907897e-07 -9.922645698779354851e-08 5.270289963048731636e-08 5.187795953547108638e+02 5.985673990646888321e+00 4.087746247171954885e-06 2.644954732506822286e-08 1.197134167952646777e+01 1.607042059274966785e-05 1.497867288683176767e-07 1.626248332018792294e-05 3.006499882425016070e-07 2.021119273272185453e-07
6.756000000000000227e+02 5.268089277872979892e+02 1.197158721381012114e+01 6.369862206489281071e-06 3.398577987610562246e-08 -5.985779561383427705e+00 -1.450428695030912772e-05 -1.892586738401294360e-07 -3.558829098520076974e-06 8.459077018824049512e-09 2.564138512061270206e-08 5.187796340948979150e+02 5.985674129289392909e+00 4.113758010496002423e-06 2.499055886723269447e-08 1.197134602351966493e+01 1.594521155164235114e-05 1.478449619265589406e-07 1.600117628027609350e-05 2.913556285226354807e-07 2.002779118659228770e-07
6.806000000000000227e+02 5.275426974019234194e+02 1.197161747432764933e+01 7.881116144853215368e-06 -4.370322990804981382e-08 -5.985806873881559298e+00 -1.008621091940963826e-05 1.824372890429124333e-07 -1.170659669211757859e-07 -2.168674972895843737e-08 -3.669850483642189154e-08 5.187797676294873099e+02 5.985676010206032238e+00 3.901601502393861631e-06 2.395939134028887100e-08 1.197134684515419600e+01 1.568893678148375762e-05 1.485070929387952926e-07 1.577923388651778102e-05 2.982900622474685299e-07 1.985215783315478732e-07
6.856000000000000227e+02 5.282712945400970739e+02 1.197163066724378844e+01 -6.325181483512667410e-06 -9.378978717507342815e-08 -5.985809138509977423e+00 1.478429830685351238e-05 1.960837602211024664e-07 3.860089069251764187e-06 -7.420627980093015078e-08 -7.079184105841901053e-09 5.187798599105950643e+02 5.985674290681157750e+00 3.864387028161325646e-06 2.412346367159310660e-08 1.197135029921858163e+01 1.559254901831948382e-05 1.435434776758536107e-07 1.553938969291542675e-05 2.900775961288457042e-07 1.960069296973922124e-07
6.906000000000000227e+02 5.290043619398838928e+02 1.197161250563593882e+01 -5.184508853840553896e-06 1.935176876121227612e-08 -5.985795440195478712e+00 5.757951084735806279e-06 -2.305418043749735492e-07 -2.042935417532906120e-07 -7.987564255210476214e-09 5.760951939978184934e-08 5.187799347386037425e+02 5.985677794201746948e+00 3.872334200005433440e-06 2.573762204070151521e-08 1.197135399030321956e+01 1.524658013673548612e-05 1.424615299775865134e-07 1.537357808333049265e-05 2.822316811799908119e-07 1.902868586752667916e-07
6.956000000000000227e+02 5.297257577857618571e+02 1.197150885185977209e+01 8.235010339613161491e-06 7.053640595451211471e-08 -5.985764337167234217e+00 -1.632902250201549176e-05 -1.206236259121665499e-07 -3.267085220752964207e-06 6.902048102834393572e-08 1.054228006298536760e-10 5.187799537692152398e+02 5.985679458958621524e+00 3.860274152434915376e-06 2.429673534330606402e-08 1.197135915740405920e+01 1.510744510951966448e-05 1.380942501306821217e-07 1.517592724475169344e-05 2.770708221882440160e-07 1.885790968539084873e-07
7.006000000000000227e+02 5.304384734741939837e+02 1.197158657393921466e+01 2.832872341785914812e-06 -4.457198188891183865e-08 -5.985802109998322074e+00 -8.164576348856668481e-07 2.230982697671485024e-07 1.393526238371675487e-06 -1.370283913405208471e-08 -3.858778750720519107e-08 5.187800233532568654e+02 5.985681080008116162e+00 3.722427273440815290e-06 2.325780925254609679e-08 1.197136057376494556e+01 1.498751090254559173e-05 1.350643573168014617e-07 1.497630919312045473e-05 2.770690752483641008e-07 1.869329484473643094e-07
7.056000000000000227e+02 5.311484694618618505e+02 1.197158881458902435e+01 -7.750987225541485846e-06 -4.646097892793301891e-08 -5.985788179157409239e+00 1.466228310382134880e-05 2.258967932446678934e-08 2.842567904449277858e-06 -4.153327873731626801e-08 2.190034505816667399e-08 5.187801575709545432e+02 5.985681558843507055e+00 3.702117734421554162e-06 2.488155648648085451e-08 1.197136401761177460e+01 1.460997359697274134e-05 1.348485569370833189e-07 1.474217014894557569e-05 2.721466891754842280e-07 1.819579612295122175e-07
7.106000000000000227e+02 5.318600371695150670e+02 1.197154711357531731e+01 2.194410510537557937e-06 6.157120562618846070e-08 -5.985773001063170007e+00 -7.352173050607868069e-06 -2.411668432646458270e-07 -2.201197193634156282e-06 3.987136154354110123e-08 3.638562389132510207e-08 5.187802069004596888e+02 5.985682717784809093e+00 3.738901159571028080e-06 2.349331766618205840e-08 1.197136785658408620e+01 1.444939273460694590e-05 1.321727979684619824e-07 1.453616682079363363e-05 2.638020531941533476e-07 1.803710720789602698e-07
7.156000000000000227e+02 5.325620204358863248e+02 1.197157089045065526e+01 5.042710181375134372e-06 -3.924709078437107104e-06 -5.983799417867539105e+00 -5.185153208659866041e-05 -2.453327513418688641e-07 -2.201731555888946505e-06 3.987136154354110123e-08 3.638562389132510207e-08 5.187803318468471616e+02 5.985683125742950139e+00 3.302509470144556317e-06 9.305131914130203924e-09 1.197138010021476973e+01 1.367155190512746324e-05 1.382438645976745605e-07 1.406359422611797679e-05 2.747588512759644138e-07 1.738700924157123330e-07
7.206000000000000227e+02 5.332562292586143258e+02 1.197359158426292680e+01 -1.801840602545213039e-05 -1.346057885162903205e-06 -5.985750057236798760e+00 2.197887952986783642e-05 1.187470930489129410e-06 -6.521492353384719875e-07 -2.222184323587145526e-06 -4.236725752392230732e-07 5.187805409886668713e+02 5.985693582050864769e+00 3.418403457383329741e-06 2.060003036673072853e-08 1.197137487930860722e+01 1.424775041009906610e-05 1.253406345484912679e-07 1.406285223528050864e-05 2.441327435439847292e-07 1.711585136134525588e-07
